1 0.043401015228426404 0.6340101522842638 0.08451776649746194 0.18578680203045678
1 0.12306472081218273 0.5680203045685279 0.02341370558375633 0.037563451776649756
1 0.5422271064531574 0.6 0.0862310662815026 0.09137055837563446
1 0.665541673215736 0.579445627595472 0.031096478292524106 0.041108744809058795
1 0.6861941963994082 0.5788439536622382 0.009243895837952038 0.03257372819087877
1 0.6969237081668662 0.5775233936044153 0.010894571148678377 0.03169336417778478
1 0.7093864707785558 0.5788439536622383 0.011719939365975166 0.021422361783190454
1 0.7866390288528697 0.5769364830925021 0.017002165559090513 0.019955076729547373
1 0.807850468409599 0.5803112387158815 0.01782751340176489 0.022009275804647857
2 0.09051395939086294 0.5873096446700508 0.02227157360406091 0.16345177664974628
2 0.13280053078811702 0.592893401015229 0.030211121164883937 0.12182741116751307
2 0.15609976235258477 0.5816855734618034 0.013308089508030242 0.10753358347182594
2 0.20685075907014766 0.5981140991472195 0.026490123326654413 0.11424488017733056
2 0.2198505363527012 0.5808174824282593 0.011282772040413853 0.0947680176534596
2 0.515001312192512 0.5604685215824244 0.008012403333047402 0.025581550777621018
2 0.6068986728695057 0.5796546846656403 0.00768536646231091 0.04302351721690812
2 0.6442626353511662 0.5731139472509076 0.006213700543996055 0.03750022784446713
2 0.8454720700718791 0.5843058757161167 0.004414997754944636 0.04127932057297933
2 0.8310007076036589 0.5841605259957899 0.005232551808036206 0.04563981218280124
2 0.8852069511931459 0.6411376163641304 0.03450258720919163 0.1380822343110232
2 0.9040116699337364 0.5925908097747781 0.0060501821086278084 0.02877924462482376
2 0.5960246969175127 0.5702069528443596 0.004251479319576106 0.03808162672577673
2 0.6358504989256011 0.5733460753267754 0.00581990941985282 0.034620999625790246
0 0.2392180414863153 0.5992800921290329 0.014773560756874566 0.054548532025383026
0 0.2520028536797645 0.5997851711292678 0.01306891913108135 0.043436794020212374
0 0.8516617816482589 0.5921803212169761 0.004528911362128554 0.0249593337290635
