1 0.04558610709117221 0.6396526772793054 0.08954413892908826 0.1765557163531114
1 0.14693379160636755 0.5593342981186686 0.008954413892908821 0.02460202604920397
1 0.18112330323546316 0.5781476121562951 0.08058986241474636 0.053545586107091134
2 0.13525791161877318 0.584720097348772 0.013355008843766836 0.09386440958511284
2 0.1254746340098283 0.5830636265992897 0.01428670700651177 0.08061296352603811
2 0.11382785110900556 0.5883090706485362 0.01397613451543041 0.05466232697155782
2 0.195044707888793 0.5847200573566739 0.02049835820905865 0.09938584544306073
2 0.4337260300942863 0.5913457803862116 0.015218479652610644 0.07067437898173219
2 0.44878923039796315 0.5869286316998531 0.012423274818666247 0.08061296352603818
2 0.6110676466774262 0.5767139993579085 0.005901048366395396 0.04251505610619815
2 0.6023713976150509 0.5739532574336758 0.006522196107200955 0.036993620248250425
0 0.22854408032802717 0.5994597990557533 0.03247071989161353 0.05772587304486689
0 0.24028347916880488 0.602790186252571 0.022479720110863445 0.05284127599562132
0 0.9023141081816811 0.6378720264167071 0.03579330387236112 0.06584200341952837
2 0.8441499728305764 0.6268247360119644 0.034302046471353126 0.14096375228744673
2 0.8624194992796238 0.6159983407169317 0.016653850963080776 0.1016353072918897
2 0.889015929132188 0.6126841459139353 0.03803044055944372 0.11179883802107855
1 0.6621593290915883 0.5789531776135054 0.03636825163942703 0.038531570760515235
1 0.6843843848118577 0.5796062550840224 0.009551284109777743 0.03722541581948084
1 0.69448666388219 0.5760143289961779 0.009183901929148277 0.03396002846689477
1 0.7067931038875132 0.5753612515256605 0.011755417309839809 0.031347718584825865
1 0.7427939880295099 0.5730754803788506 0.013959530932305455 0.018939246644998988
1 0.7835705125949282 0.574381635319885 0.01542895524096906 0.021551556527067958
1 0.8057955552634669 0.579279716348764 0.01432688700947125 0.024816943879653833
