1 0.043143994211287985 0.6374819102749637 0.08628798842257597 0.17221418234442828
1 0.15181801736613604 0.5643994211287989 0.0203509406657019 0.04052098408104193
1 0.6609496798579281 0.5771769684979846 0.030773653533660194 0.035864603624414
1 0.6831751084472591 0.5790005924110906 0.010257884511220111 0.03343310507360634
1 0.6942878166677476 0.575049407266028 0.009232096060098059 0.034040979711308095
1 0.7059134191137971 0.574745469947177 0.011283672962342024 0.034648854349010064
1 0.7416450501612138 0.5717060967586675 0.012993320380878828 0.018844113768759954
1 0.7802830362638147 0.5735297206717732 0.01230946141346422 0.020059863044163892
1 0.804902004647071 0.5802163416864944 0.01778033315278151 0.023707110870375345
2 0.1208902154873137 0.5816856273630577 0.007945835759729522 0.09585452662530884
2 0.13106501111573107 0.5786586423117323 0.005108052397660308 0.07971060635157244
2 0.13820080893490444 0.5857215781986409 0.006243161709541749 0.05751277444088668
2 0.4883851193748049 0.5756316572604067 0.009648514851100173 0.06356668607783625
2 0.5034254513485785 0.5766406522775152 0.011351193942470701 0.057512715975185105
2 0.5735190739433357 0.5736136672261896 0.006243156668358836 0.04540477576988302
2 0.5661407978807297 0.5756316572604067 0.008513395456853203 0.04944075583831711
2 0.6348155212326778 0.5756316572604067 0.006243156668358978 0.03531482559879798
2 0.8422184041996564 0.5917755775341429 0.007945835759729505 0.0655846761120533
2 0.867694133461013 0.5875532703940141 0.009450535139609712 0.05472309871316803
2 0.8872702419644901 0.5892333655299448 0.007560428111687684 0.05904334334841806
2 0.9081964269164828 0.6036341809807785 0.018631054989515974 0.08304470243314092
0 0.8782247249627718 0.6021940994356949 0.007290412821984517 0.03696209299047318
0 0.8532483154618956 0.5995539499363756 0.008640489270500352 0.03456195708200085
0 0.22681280257899047 0.6000339771180698 0.03240191630765551 0.055683153076556934
0 0.23788347022845882 0.602194099435695 0.03186180418496949 0.05040285407791792
2 0.19495103916566095 0.5825129849862224 0.010260581008719037 0.10032568097414128
