1 0.21329213016802598 0.7544171930912088 0.42170003457628347 0.49002107214479124
1 0.6415836178106121 0.6040035075272193 0.10395288015301739 0.11760803559678626
1 0.737518089725036 0.5882778581765556 0.0374457308248914 0.05643994211287996
1 0.7729287264833574 0.5788712011577424 0.017094790159189587 0.023154848046309694
1 0.7924656295224313 0.5745296671490593 0.010582489146164989 0.020260492040521
1 0.6917243058314042 0.5758449756219535 0.007671618918647738 0.0272768672663031
1 0.7015269249577573 0.5771078264789523 0.013070165565103481 0.02677176204670697
1 0.7133184823222781 0.5773603864060844 0.008239892034170457 0.026266612923106784
1 0.8154646776488519 0.57963342940894 0.015911505905343404 0.022730722721919106
2 0.8054189084715802 0.574216211340394 0.007014733169586265 0.02380772704773614
2 0.8701457645363985 0.5991574109295048 0.01658027840084017 0.06575426647854549
2 0.8806678642907775 0.5883873155580189 0.0063770301541693185 0.060085795230395006
0 0.8041435024407463 0.588954162682834 0.0063770301541693185 0.015871719494821336
0 0.8886391378229636 0.5980236838342067 0.00829013920042001 0.041946835041817024
