2 0.9969699710564399 0.5882778581765556 0.00606005788712011 0.07380607814761213
1 0.17586541468763828 0.7677279305354535 0.35173082937527655 0.4645441389290868
1 0.14542056477966916 0.5623538874445688 0.0216681219293946 0.032010496246241756
2 0.11566504522874002 0.5506890455921248 0.012207392636278609 0.020616929785715003
2 0.1307716936161348 0.5506890455921247 0.013122947083999534 0.029297742327068763
2 0.1852471832555282 0.5726623523374264 0.02868737269525482 0.07215925425000265
0 0.22339525542603617 0.6003324423129901 0.02807706269916574 0.05479762916729503
0 0.23667082473585188 0.6008749930968258 0.026551078983906004 0.04828701976127988
1 0.6579411461219054 0.5765519745981688 0.03254162691503296 0.039878412271281076
1 0.6787930722193554 0.5773944762658719 0.009162225279867372 0.032576731151187296
1 0.6901668419271196 0.5765519745981689 0.01168972467052007 0.03426173448659363
1 0.7013826383628475 0.5762711407089344 0.012637525015546628 0.031453395594249756
1 0.7377155227825446 0.5720586323704188 0.012637525015546913 0.017411701132531193
1 0.7773657575188228 0.5748669712627624 0.012321586890158187 0.01628836557559353
1 0.7999553334841127 0.5785178118228094 0.013269401266324223 0.02022004002487492
2 0.5012358359291251 0.574586137373528 0.007898453134716803 0.05616677784687475
2 0.5135574228192832 0.5754286390412311 0.009162205636271424 0.05785178118228082
2 0.5576307913110027 0.5757094729304656 0.00884626751088284 0.05392010673299978
2 0.5693204879192442 0.5765519827345568 0.00884626751088284 0.048865096726780945
2 0.6197126329498762 0.5712161429072978 0.009162205636271431 0.042686726754459815
2 0.8465562069789415 0.6046353635216061 0.01737659689637667 0.09042851233346831
2 0.861879206060292 0.5900320012814185 0.007582515009328006 0.07245514342246842
2 0.875938452640088 0.594806177398403 0.009162205636271353 0.06066012007462447
2 0.8869962870286915 0.5852578251644341 0.008530329385494185 0.04718009339137474
0 0.867463956399453 0.6110945429739967 0.011057834388603567 0.03707007337893721
