1 0.04884225759768451 0.638205499276411 0.09768451519536903 0.16787264833574533
1 0.12861794500723586 0.5687409551374819 0.027677279305354557 0.04630969609261946
1 0.6300651447014828 0.6078147612156294 0.10256869757243209 0.10419681620839359
1 0.7159460926193921 0.5911722141823443 0.05616859623733717 0.06801736613603473
1 0.7570549927641099 0.5767004341534009 0.01953690303907365 0.04196816208393628
1 0.7765918958031839 0.5767004341534009 0.011396526772793009 0.030390738060781502
1 0.8164797395079595 0.577424023154848 0.013024602026049053 0.020260492040521
2 0.14693379160636758 0.581041968162084 0.013838639652677287 0.09406657018813312
2 0.20188133140376266 0.5839363241678727 0.021164978292329977 0.10564399421128798
0 0.23688496742489717 0.5940665701881329 0.03256146891286857 0.07380607814761216
0 0.2507235636948689 0.59768469338935 0.027677329918510827 0.0434156964747934
0 0.25804992764109985 0.6041968162083937 0.01465267727930538 0.033285094066570264
0 0.8051914958184647 0.5897296149270497 0.006094113226438225 0.022390223409728592
0 0.8866494939882483 0.6034526341557531 0.008938032732109634 0.022390223409728734
2 0.8061403138102328 0.573017073527621 0.010274994301820755 0.026208681117687576
2 0.8624294130289024 0.5821504017959059 0.011168472067196405 0.03812171798936362
2 0.8794054905710408 0.5996228558743643 0.013848905363323496 0.082597055643621
