1 0.045993125904486246 0.638205499276411 0.09035817655571635 0.17655571635311135
1 0.151818017366136 0.5672937980985848 0.021978986997154424 0.03762662807525322
1 0.6645893731306656 0.5788341304996589 0.034081515357529873 0.04000073259550497
1 0.6849390252261416 0.5758929001617544 0.007941342485479024 0.032941779784533505
1 0.6955274529730892 0.5764811462293357 0.010588446850573974 0.027059319108723962
1 0.7084320996111366 0.5753046540941738 0.011911997563611514 0.029412303379047787
1 0.7444251235902672 0.5734051306165742 0.011715699712838585 0.017852494800516042
1 0.7609227415532441 0.576168016716654 0.012672083362866288 0.01402696020040544
1 0.785310524628949 0.5755304276166355 0.015063042487935406 0.019552732400565133
1 0.8075464444920917 0.5795684919167523 0.015541234312949116 0.02252814820065112
2 0.1370614316766047 0.5859814207766739 0.014555196284241205 0.09811280458266289
2 0.19376605053396104 0.5854423394328131 0.028503926056639026 0.09919096727038458
2 0.35508614268430105 0.5913722342152817 0.018800461867144874 0.08086220157911782
2 0.37267367152775926 0.5838250954012307 0.017587528843458104 0.10026912995810605
2 0.6314615258469499 0.5744687854426027 0.008174259116780292 0.04087129558390067
2 0.622393198063589 0.5717440126681231 0.0099623782985757 0.0426877976098519
0 0.22948145400095277 0.6018603200906834 0.0327333542311368 0.0553677066081204
0 0.24092223575682362 0.6032727615857896 0.028284129648441694 0.04915296402965797
0 0.9381436706877919 0.6658249207925501 0.03177999291781682 0.09887090465735784
2 0.8669169192706075 0.6334988103998462 0.02312647051219713 0.13434344059667658
2 0.8952549236754499 0.6712822019393881 0.051138945268304814 0.223807820978868
2 0.9286417947925989 0.629155811242626 0.0456014911508116 0.17545716595169417
