1 0.044543147208121824 0.6380710659898476 0.08451776649746191 0.1776649746192893
1 0.1461928934010152 0.5670050761421319 0.01598984771573603 0.047715736040609115
1 0.6450118083211265 0.5838196501964439 0.016562752313622607 0.029445572833173762
1 0.7392151275973967 0.5716448342108348 0.011626134722527296 0.017554224725642272
1 0.7795880748872684 0.5751839924216497 0.017518833143533925 0.020102418637429124
1 0.8010088299582262 0.5787231506324647 0.015766949829180844 0.02378314317667666
2 0.11438872129297811 0.5810447709350275 0.012134921405582151 0.09549247941656733
2 0.12759425546938744 0.5737479768461436 0.01142102743852634 0.07836093825877789
2 0.13044954777441806 0.589293290751741 0.009993399008710532 0.05742238795481306
2 0.20234861547558897 0.5811080685720512 0.012313337298572546 0.10247199618455571
2 0.3102414721396203 0.5839000277946592 0.021949849137866254 0.10374099923328087
2 0.3370095362133905 0.5883415384651972 0.017666901818970474 0.09485797789220485
2 0.5568642723136112 0.5745411378985152 0.007673502810259903 0.05773963871699429
2 0.6147724925894257 0.5753342572157645 0.005353606611809383 0.04155984984574872
2 0.6083481646552547 0.5748583810724924 0.006781235041625066 0.04378060518101762
2 0.8407839183846383 0.5854862816055655 0.008030409917713683 0.046001360516286664
2 0.823295470119395 0.5862794085110187 0.008387317025167675 0.04695311280283057
2 0.885843394178613 0.6245081101774557 0.03247865754518179 0.11833453429362023
0 0.8671950443362306 0.605314454241896 0.007673502810259834 0.03045607316940348
0 0.846583658880765 0.59151404608701 0.003569071074539636 0.023793807163596484
0 0.22357233502538065 0.5964467005076142 0.02341370558375633 0.057868020304568474
0 0.2444162436548223 0.6 0.018274111675126933 0.05685279187817258
2 0.9301008360047186 0.60056504041921 0.017694462053480464 0.06798732373236901
2 0.9466537198612002 0.600057672331655 0.015411305659482793 0.06494311520703924
