1 0.04254441624365481 0.6370558375634516 0.0839467005076142 0.17563451776649736
1 0.14762058318804894 0.5680203045685274 0.01884522728980346 0.04162436548223344
1 0.6510152284263958 0.5802030456852791 0.013705583756345306 0.031472081218274044
1 0.7409581218274109 0.5715736040609136 0.015418781725888238 0.02030456852791886
1 0.7806471903986741 0.574619258986508 0.01598981226942975 0.022334964673524107
1 0.8026332487309644 0.5796954314720811 0.01541878172588838 0.016243654822335002
2 0.114498730964467 0.5832487309644669 0.00742385786802032 0.10050761421319805
2 0.13105964467005074 0.5512690355329949 0.009708121827411152 0.03248730964467008
2 0.12820431472081217 0.5878172588832487 0.015418781725888309 0.05279187817258887
2 0.20072969543147207 0.581218274111675 0.011992385786802017 0.09238578680203048
2 0.3026649533515055 0.5857868020304566 0.02284268212947633 0.10355329949238573
2 0.3269352508307722 0.5908629441624365 0.019987309644670076 0.09746192893401016
2 0.5576691812177814 0.5732519055698444 0.008349615455664363 0.05937504324027984
2 0.6067728721118075 0.5728984826934141 0.00795201471968049 0.04170389941876806
2 0.616315289775424 0.5739587513227048 0.007156813247712322 0.04241074517162858
2 0.6280445114869524 0.5760792885812864 0.008349615455664292 0.036755979148744726
2 0.8400380710659897 0.584263959390863 0.007994923857868059 0.04974619289340097
2 0.8251903553299491 0.5888324873096447 0.012563451776649828 0.044670050761421436
2 0.8845811792831744 0.6233502538071066 0.02741124549456423 0.1116751269035533
2 0.9276967005076141 0.5979695431472081 0.013134517766497425 0.0609137055837563
2 0.9414022842639593 0.5979695431472081 0.013134517766497567 0.06700507614213194
0 0.22642764055798723 0.5989846562506301 0.024555831840203803 0.05888323500700032
0 0.239562126906174 0.5974617896830975 0.023413700126705947 0.05177663767856913
0 0.8470951199856964 0.5875296784243098 0.007170711614463841 0.027745498534396233
