2 0.19414797395079597 0.5832127351664255 0.021979015918958032 0.0984081041968161
2 0.13513024602026047 0.5890014471780028 0.008140376266280747 0.05499276410998554
2 0.1310600578871201 0.5586107091172214 0.01139652677279308 0.03473227206946447
2 0.1208846200912982 0.578147612156295 0.012210629473479171 0.09696092619392177
2 0.465629522431259 0.5738060781476121 0.011396526772793009 0.07380607814761206
2 0.47946811870123085 0.5817655571635311 0.009768451519536895 0.07235890014471778
2 0.5767456584659912 0.5752532561505065 0.010582489146164989 0.05065123010130243
2 0.5893632416787264 0.5709117221418234 0.009768451519536895 0.05065123010130243
2 0.6308791606367582 0.573082489146165 0.006512301013024668 0.037626628075253306
2 0.6443107814761215 0.5600578871201158 0.008954413892908875 0.020260492040521
2 0.8384587554269174 0.5882778581765556 0.011396526772793009 0.06801736613603473
2 0.866543053545586 0.5875542691751084 0.010582489146164989 0.060781476121562934
2 0.886893994211288 0.5882778581765556 0.012210564399421031 0.05643994211287996
2 0.9080589508122654 0.6020259234200654 0.01872286541244577 0.08104196816208387
0 0.875904486251809 0.5984081041968162 0.00814037626628064 0.04486251808972511
0 0.8494482633863965 0.5940665701881331 0.010582489146164989 0.03617945007235889
1 0.6607021199345816 0.574565059045607 0.03111825917169711 0.040763061621478934
1 0.6817205638849615 0.573594509959381 0.0065512160302189535 0.02717537441431915
1 0.6934581370474057 0.5731092354162682 0.010372743359037031 0.028145923500544755
1 0.7071064835724544 0.5745650590456068 0.013648346525048823 0.031057570759221987
1 0.7395895483020704 0.5697123136144784 0.013102412664046739 0.01941098172451369
1 0.7802616209467155 0.5716534117869299 0.01692394969106047 0.017469883552062485
1 0.8020989753867934 0.5774766430365659 0.014740214247052564 0.021351953361528498
0 0.2242279786671328 0.5993140607443619 0.030572305914304442 0.05143910156996154
0 0.23951411707699205 0.6002846098305874 0.028388531677515295 0.05338019974241291
1 0.14876699409487304 0.5682564899851399 0.01801585135674804 0.041733610707704545
