1 0.05006331403762663 0.6367583212735167 0.0984985528219971 0.17076700434153402
1 0.12698986975397972 0.5672937771345876 0.024421128798842257 0.04052098408104193
1 0.6830425592169993 0.5978919621486919 0.0649349876923786 0.07623394781495157
1 0.7365424384135683 0.5899055801204862 0.04206484324994444 0.05590489506429769
1 0.7659469774657591 0.5790150056294523 0.021644995897459565 0.0341238091870472
1 0.7835080245692393 0.5782889838074189 0.0151106321211056 0.02541138956060393
1 0.8133209053585503 0.581556116188345 0.015110657513320974 0.0232332031436043
0 0.8020900366530265 0.5884534733716025 0.010618299874225414 0.01960301515241618
0 0.889895195993783 0.6066044133275428 0.005717571478336408 0.026863391134792393
2 0.8508933800870213 0.588090496642362 0.009393111427199301 0.06098715825196131
2 0.8619200724827963 0.581556116188345 0.007759526831164578 0.037753955108357
2 0.8788685126666561 0.6011591839281091 0.018786222854398744 0.07841195543496879
2 0.800660650131496 0.5753847966033253 0.009393111427199443 0.02395924074184194
2 0.6236209195362379 0.5753847966033251 0.005717546086121317 0.037027917510119364
2 0.629746861771368 0.5753847966033251 0.004083961490086665 0.037027917510119364
2 0.6344434174849677 0.5724806462103745 0.003675565341078055 0.03557584231364416
2 0.1445362920292637 0.5840723976045393 0.010092309667878734 0.09419489023353521
2 0.2022066105780744 0.5847132534302759 0.014417591642825833 0.10444754381201136
0 0.2360879374924172 0.5994511551936879 0.030276970623129718 0.06343737505523787
0 0.24852312557151457 0.6010531091092243 0.029195610110649285 0.05126252529716204
