1 0.04965629522431259 0.6389290882778582 0.09931259044862518 0.17800289435600575
1 0.13187409551374818 0.5687409551374819 0.034189580318379154 0.04341534008683062
2 0.15303905293595363 0.5853835021707671 0.013024602026049215 0.10274963820549923
2 0.2250814037626628 0.5832127351664255 0.010582489146164989 0.09551374819102755
2 0.4208574286182361 0.5875548037570525 0.021164978292329894 0.0752540737464198
2 0.4375452243125904 0.5832127351664255 0.010582489146164989 0.06657018813314039
2 0.8498189343336011 0.5855799535227648 0.0033654020317401036 0.03739335590822258
2 0.8552877126351788 0.5788491494592847 0.005048103047610084 0.022436013544933502
2 0.8683286455081713 0.5908150233499159 0.007572154571415126 0.05085496403518263
2 0.8794765397383102 0.5900671562317514 0.009675530841252566 0.04935922979885376
2 0.8954621993890751 0.6005374258903897 0.009675530841252566 0.04935922979885369
2 0.9066100936192142 0.5986676280906426 0.007572154571415126 0.04262842573537363
0 0.8876797071906765 0.6065202328313694 0.006730804063480065 0.03589762167189363
1 0.8125891743574772 0.5788491494592847 0.013882283380927589 0.023931747781262374
1 0.7905037235241832 0.5792230830183669 0.01598565965076517 0.018696677954111323
1 0.7515912625321891 0.5754837474275446 0.012199582365057466 0.021688146426768994
1 0.7133098144211464 0.5777273487820379 0.017247685412667694 0.030662551844742366
1 0.7030032823828904 0.5792230830183668 0.01262023425112726 0.02916681760841341
1 0.691645042436881 0.5799709501365313 0.014302951444772873 0.036645488790057995
1 0.6680872246196397 0.5795969949100596 0.031971319301530216 0.03739339924300102
1 0.6277024002387595 0.5870756877590936 0.0454329274284904 0.04337629285353813
0 0.24146759128352055 0.6024069636814647 0.018509720162222795 0.060577236571320504
0 0.2513534642455832 0.606146299272287 0.018930386428537636 0.051602831153347066
