2 0.02889833574529667 0.5303907380607815 0.021979015918958025 0.05643994211287996
2 0.08099674384949347 0.5803183791606368 0.028491316931982633 0.10998552821997108
2 0.15303907380607812 0.5824891461649783 0.009768451519536895 0.09696092619392183
2 0.21979015918958025 0.5817655571635312 0.011396526772793045 0.10709117221418239
2 0.2588639652677279 0.5969609261939218 0.021164978292329942 0.10853835021707667
2 0.5091805354558611 0.5745296671490593 0.012210564399421102 0.06657018813314025
2 0.8916703349808938 0.6432706222865419 0.03847553843185129 0.15195369030390757
2 0.6423000774854198 0.5735438468111892 0.005349251068893679 0.03260495889611427
2 0.6482861408924446 0.5730910001598543 0.004585072344766132 0.033510652198784144
2 0.8458184844886527 0.5834929102450456 0.00738706099990111 0.043926125179487345
2 0.8719279242296818 0.5866628368043901 0.009170144689532122 0.03305780554744921
0 0.8522917840333369 0.5929846289636194 0.003306417990555275 0.030230107342218916
0 0.23203967497636746 0.6027127651354874 0.015351226384720498 0.05332255045085809
0 0.2466823993667776 0.6022929025335122 0.011100117539720955 0.05080337483900671
1 0.04664847377185595 0.6365513067736477 0.0932969475437119 0.17167576942167936
1 0.13017793906038247 0.5694013748227232 0.035277470146382155 0.04497778460863088
1 0.578158538510152 0.5932633138870823 0.06734789755218415 0.06778342187497899
1 0.6672430507074139 0.5790097905956161 0.03456481073062963 0.041810334988304776
1 0.6880888368955954 0.5786930456335821 0.005701409316586989 0.032307986127326487
1 0.6991353281048234 0.5771093208234199 0.01282819227900167 0.03420845589952215
1 0.7105381376022764 0.5790097905956161 0.009264793184694428 0.027873556658869987
1 0.7873512080117939 0.577621636042017 0.015022593809182609 0.0209323829653475
1 0.810088106750016 0.5801479581240416 0.015022593809182609 0.023097801892797278
