1 0.04558610709117221 0.6389290882778582 0.09117221418234442 0.1693198263386396
1 0.35736251808972497 0.5991316931982634 0.09280028943560051 0.08393632416787263
1 0.1526320549927641 0.5687409551374819 0.020350940665701884 0.04341534008683062
1 0.663060785676665 0.5787103729093453 0.035166450673583295 0.03415346716415174
1 0.684537737608897 0.5771874301543949 0.009117064369514174 0.03421710282796065
1 0.6954275405632836 0.576061837096751 0.011143084422390708 0.03016501999646926
1 0.7068238221001013 0.5762869491862764 0.010636546230098388 0.029714795817417396
1 0.7425322273011458 0.5715595953062328 0.013169057237264354 0.01665829462491587
1 0.7836855311675973 0.5731353799329141 0.015954819345147513 0.017108518803967528
1 0.8057183769299436 0.5778627338129576 0.01595481934514737 0.021160536415433598
2 0.13484079539663849 0.5828380987494906 0.013451983761127925 0.09362271438051559
2 0.14128054348513125 0.5568883320257078 0.00286210743690436 0.039687889791740434
2 0.12367858274816942 0.5932688976681365 0.011734640491307893 0.05953183468761083
2 0.19694853313292096 0.5843645302513183 0.016314012390354852 0.0966755626425385
0 0.2287179104294606 0.6006467746166007 0.031197001568455125 0.06004065378750483
0 0.2387353017117248 0.6034452796660187 0.031196971062257505 0.05342600548888143
2 0.4683838820493989 0.5808170025291254 0.011734640491307928 0.0646200256865518
2 0.47997538157829767 0.5808170025291252 0.012020851234998346 0.07174349308506947
2 0.5943166092731909 0.5724214873808726 0.0054380041301184436 0.041723166191317135
2 0.5861596183311122 0.5747111807012117 0.012020851234998275 0.04732017629015218
2 0.6395379067762798 0.573947944680555 0.010017376029165278 0.03765261339216409
2 0.8636409190858915 0.6029506333745192 0.010589797516546184 0.08751688518178682
2 0.8909740946809 0.5991344901253124 0.025759066077280422 0.09514917168019829
2 0.8424613240527993 0.6156711108718719 0.030624549574876595 0.11397547837628054
0 0.898844865981647 0.6210137114207592 0.019176170670921294 0.06054947288739878
0 0.8763772971801158 0.6108373294228779 0.011448429747617582 0.017808668496293763
2 0.8743738219742828 0.5909933845270076 0.007441479335951442 0.057496558288034405
