1 0.045993125904486246 0.638205499276411 0.09198625180897249 0.16787264833574533
1 0.1538531114327062 0.5694645441389291 0.02116497829232996 0.03617945007235889
2 0.13716534008683065 0.585383502170767 0.010582489146164971 0.09985528219971065
2 0.1987524223141136 0.5868306801736614 0.01465267727930538 0.09985528219971053
0 0.23105537056344094 0.6005809712459758 0.03207723726619396 0.054674573686172484
0 0.23882666454641122 0.6029325658131232 0.035053456516538045 0.04761978998473097
2 0.3353226878091469 0.5902502363539488 0.026455438880405992 0.08936059355159372
2 0.3523533765884083 0.5861349458614411 0.01554257034223859 0.09641537725303544
2 0.6357572655947582 0.5737890743839184 0.006283166734096568 0.03762551307435537
2 0.6269939014656237 0.5758467196301721 0.009259403608142093 0.035861817148994814
1 0.6645061589372838 0.578052521239908 0.03389987564634187 0.04045279995672231
1 0.6855297721269209 0.5774323955290143 0.01097063546383515 0.03598018943304748
1 0.6968786544134056 0.5767598686237229 0.01059232059902185 0.035307662527756745
1 0.7085112673883275 0.5767598686237231 0.012294652647985582 0.03059997419072247
1 0.743503659408481 0.5733972292261165 0.012672928871569837 0.01782196299020107
1 0.759202967754126 0.5755829319260037 0.01305122525579563 0.01614064572697444
1 0.7846433945531618 0.5770961369475217 0.012862077063682874 0.015804382274329072
1 0.8079086322633793 0.579618107971208 0.014375262600586752 0.02152086096929935
2 0.8730106127669618 0.6387099166873164 0.02956064985695977 0.14668383258460982
2 0.9184883888061092 0.6788458472567274 0.059446011039805485 0.23157565695444282
2 0.9504852478550966 0.6144551097245069 0.019490469880828983 0.038114696655843404
0 0.9517846456948437 0.6722046501121486 0.018840853913518207 0.10625915431326063
