1 0.05047033285094066 0.6490593342981187 0.09931259044862516 0.17800289435600583
1 0.13675832127351664 0.5709117221418235 0.03581765557163532 0.04775687409551374
1 0.6308791606367583 0.5868306801736614 0.04395803183791614 0.05065123010130243
1 0.671174023154848 0.581041968162084 0.028491316931982737 0.03907380607814758
1 0.6906899799380882 0.5816911399473825 0.008703877780300824 0.037626628075253285
1 0.7012934153400867 0.5817655571635311 0.012210564399421173 0.028943560057887084
1 0.715132054992764 0.5832127351664255 0.017094790159189587 0.03473227206946454
1 0.7491485015705908 0.5755027818787254 0.010561088284476767 0.01632632005329725
1 0.7895561437025012 0.5797884408927159 0.01607122130246438 0.019183426062624135
1 0.8121706479638262 0.5834618629047078 0.01630081017821368 0.020816058067953804
0 0.23647793053545585 0.6107091172214182 0.012210564399421102 0.06078147612156286
0 0.2531657018813314 0.6085383502170767 0.01302460202604923 0.053545586107091266
0 0.8861387701927943 0.603805613497697 0.010103731637553102 0.034542655234421946
2 0.1618539289327887 0.5917156841656496 0.010492331527455701 0.10708223122670851
2 0.22577943027599098 0.58929769829924 0.013989775369940886 0.09671943465638165
2 0.34313807569726856 0.5917156841656495 0.02409355350135175 0.10155540638920067
2 0.5341373957217722 0.5854980062234535 0.009715121784681244 0.05595910147976376
2 0.8485187366740558 0.5844617265664208 0.007383492556357681 0.03730606765317582
2 0.8547364146162516 0.5806620344906345 0.007383492556357681 0.03108838971097981
2 0.8671717705006435 0.5944790965844032 0.00816070229913194 0.047668864223502395
2 0.8764982874139376 0.5944790965844032 0.011269541270230263 0.047668864223502395
2 0.8953456236762191 0.5968970824508127 0.00854930717051957 0.04559630490943697
2 0.9058379469012001 0.6020785207671068 0.010880936398843062 0.04076033317661782
2 0.9499445981431575 0.6134775569633351 0.02059607810946335 0.10086455328451216
2 0.9719007916419815 0.6210769411149084 0.024870728373733032 0.10362796570326621
