1 0.04884225759768451 0.650506512301013 0.09768451519536903 0.18089725036179452
1 0.13472322720694643 0.5745296671490594 0.03663169319826338 0.05499276410998554
2 0.16402858176555718 0.5955137481910274 0.018722865412445736 0.11143270622286536
2 0.22532721178632895 0.5897950391250688 0.01153547994836579 0.09929957008183876
2 0.32686979185812776 0.5906045464898665 0.015481828351754032 0.10523595742368791
0 0.24338934486337538 0.6065248579975526 0.014874697828155875 0.055046500806236624
0 0.2550766074426407 0.6105723948215406 0.008499827330374713 0.04695142715826059
2 0.5283553381613326 0.5852738247486637 0.010017653639370324 0.04587208400519728
1 0.6291390050786336 0.5928292268201081 0.04219557139007485 0.04695142715826073
1 0.6690578370052152 0.5836548100190686 0.03339217879790098 0.04263405454600694
1 0.6900038400693531 0.5855436605369297 0.009106957853973086 0.03885635351028476
1 0.7015393310432692 0.5825754668660041 0.013964024093862416 0.03399930932149916
1 0.7138337131205824 0.5825754668660053 0.008803392592173935 0.033999309321499215
1 0.750716892429173 0.5798771089833464 0.015785393613553113 0.019967848331674035
1 0.7906357243557545 0.580686616348144 0.01791035044614688 0.021586863061269314
1 0.8126442058361891 0.5809564521364099 0.012749740995562319 0.022126534637801072
2 0.8493756025138803 0.5860833321134615 0.004857044188785551 0.0345389808980309
2 0.8563576035352586 0.5863531679017272 0.004857044188783646 0.03399930932149914
2 0.8660716776444701 0.5968768340038327 0.006678435759580167 0.03993569666334814
2 0.8747233018741052 0.5928292268201081 0.0063748704977811595 0.03399930932149914
0 0.8856516512988726 0.6060511804451356 0.013660436780959628 0.04317372612253855
2 0.8970353486163388 0.5966069278558302 0.004857044188785551 0.04695142715826073
2 0.9085708285647047 0.6006544646798183 0.015178263089954952 0.04533241242866545
2 0.9284543532125457 0.6173842835523019 0.019124611493343196 0.10901365845940987
2 0.944543312087898 0.6184636267053655 0.017303219922548862 0.11441037422472718
