2 0.5879870310701333 0.5750397084421653 0.008036269217359475 0.050003452908014265
2 0.6286492892347698 0.5750529131841491 0.007553387575888948 0.034630736020450074
2 0.6403769173131236 0.5757596628988523 0.007950934290409464 0.0431117325968868
2 0.8374033937611267 0.5922562609211662 0.009541121148491385 0.06078047546446342
2 0.84296903540559 0.5827151397726748 0.007950909572763093 0.045938731455699086
2 0.8648341170630394 0.5883691374902994 0.012721494864655085 0.05441972803213574
2 0.8872954993712614 0.5869556380608932 0.008348516315852882 0.06431422403797862
2 0.9075703888739902 0.6042710060711184 0.02345525615670766 0.08905046405258595
2 0.9946331016985122 0.5996794056840686 0.0075533946380736215 0.09258875814314141
0 0.8742052252305191 0.6021507569270091 0.010336214577532275 0.04099148345277755
1 0.8022492699023135 0.5770611420550503 0.02067242915506483 0.024736240014607277
1 0.7799866538891672 0.5724672689094805 0.015106775151777895 0.019788992011685734
1 0.7404307557943801 0.5696402700506682 0.01311904157917553 0.016961993152873518
1 0.7036576847012364 0.5714071443374259 0.012721494864654943 0.033217236591043926
1 0.6917312973899914 0.5728206437668321 0.012721494864655227 0.03321723659104386
1 0.6835815985700527 0.5752942677682921 0.009143528529770968 0.033923986305746966
1 0.6610079099607524 0.5752942677682927 0.03202828973522448 0.039577984023371544
