1 0.048028219971056434 0.6447178002894356 0.09605643994211287 0.17510853835021714
1 0.13472322720694643 0.5738060781476122 0.03663169319826338 0.05354558610709113
2 0.1611794500723589 0.5933429811866859 0.013024602026049194 0.11577424023154848
2 0.19170586107091167 0.5976845151953691 0.030119392185238816 0.14471780028943562
2 0.22345332155269837 0.5947901591895803 0.01709479015918955 0.10130246020260486
2 0.25397974646466764 0.5897250152154523 0.01953690303907383 0.12301013024602028
0 0.24054811866859618 0.6107091172214182 0.013838639652677287 0.07235890014471778
2 0.5009120587048437 0.5835844359342824 0.01069362821954158 0.05853354393854353
1 0.6299391255116812 0.5850852960352708 0.04530721429858417 0.05052895673327264
1 0.6691959975281563 0.5818334324831295 0.030955239582883536 0.04402522962899006
1 0.6894576137013402 0.5810830024326361 0.009005170225612898 0.03552035572338971
1 0.700854774903062 0.5798322856818129 0.012100703803584719 0.04002293602635466
1 0.712674038578661 0.5775809955303294 0.011537862026347483 0.038522075925366224
1 0.7492575035402509 0.576080135429341 0.014914797253571237 0.027515768518118763
1 0.7864037910397113 0.5790818556313176 0.016040442329312298 0.020511754713506605
1 0.8122936277817594 0.5825838625336236 0.016603264867183044 0.0305174887200954
2 0.8328366125365337 0.6196050928524321 0.02448281767364617 0.10255877356753382
2 0.8325552391451012 0.640366976421673 0.012663507102088545 0.049028096632284246
2 0.8505655603569607 0.5820835758332942 0.005346814109770861 0.03351920892207197
2 0.8581636646182141 0.5835844359342824 0.005909636647641463 0.03351920892207197
2 0.8666060026862733 0.5920893098398828 0.0064724591855119225 0.05052895673327264
2 0.876877514002412 0.5915890231395534 0.009567983143800519 0.051529530133931446
0 0.887430436587486 0.6080984842504246 0.007035281723382667 0.025514621716800932
2 0.8930586619661921 0.5963417467926829 0.010975039488476881 0.05202981683426103
2 0.9069885197784912 0.6003440621369652 0.012944925585789302 0.04002293602635477
2 0.7315285935973266 0.5765804221296704 0.007598104261253127 0.022512901514824435
