1 0.6578124637960306 0.5796296296296296 0.03125 0.03703703703703695
1 0.6794270833333332 0.5796296296296296 0.0171875 0.03148148148148145
1 0.7075521247092983 0.5768518514930325 0.019270833333333428 0.02962962962962969
1 0.6940104166666665 0.5819444444444444 0.005729166666666714 0.028703703703703808
1 0.7382812125030318 0.5726851841804913 0.01614575833939706 0.024999997129445232
1 0.7807291666666666 0.5745370370370371 0.025000000000000144 0.025
1 0.8018229166666666 0.5791666666666666 0.021354166666666716 0.025
2 0.5879189351432654 0.5747379764041795 0.012602509024304709 0.05157253168855881
2 0.6269153781618683 0.5741038878998118 0.006895712484996821 0.03677713325331659
2 0.639161208860603 0.5770205388761586 0.006657929295859119 0.035508956244581426
2 0.8371157161790822 0.5922386630792696 0.007846857047758744 0.05326343436687221
2 0.8430602888238014 0.5899136719948782 0.008797977998099497 0.05453161137560727
2 0.864104109326846 0.5901250347313775 0.006657929295859049 0.05326343436687218
2 0.8877635366460592 0.5888568577226425 0.012126942646029022 0.0625633990975959
2 0.9022683017384976 0.6083022385232463 0.017833758075273657 0.09638145266386398
2 0.9844251656928403 0.6013272651717838 0.013553641780855798 0.07313154083705456
2 0.9961954689737947 0.5973113711142094 0.0071334956741344515 0.0820087798982
0 0.8761121603783059 0.602806804818728 0.012602509024304567 0.03128169954879787
0 0.8499560095731455 0.5958318312706852 0.008797977998099497 0.027477168522592733
