1 0.0411089001447178 0.6367583212735167 0.0822178002894356 0.17076700434153402
1 0.14835454282522656 0.5692710283124804 0.02364660620308442 0.04053709921510672
1 0.6584463096046828 0.5777787638196304 0.0337809560191353 0.03953618318510425
1 0.6811077278552575 0.5775285710606101 0.008163738872573063 0.03403114502008966
1 0.6915235140430863 0.5760271752665179 0.012104853241935842 0.028025648840073886
1 0.704332112614731 0.5755267172515164 0.015201439710165788 0.026023816780068553
1 0.7392390454088226 0.5727741981690091 0.01126030533752953 0.017516030525046203
1 0.7790723630382881 0.574525815720906 0.013793874038473746 0.01901740457005019
1 0.8022967552989888 0.5780290073265228 0.012949351138159244 0.02202015266005809
0 0.2250653329306012 0.5995487019715796 0.03181040258506758 0.058053129740152996
0 0.23548113537108917 0.6010500760165837 0.02730624044350943 0.054049465620142456
0 0.8728144049732228 0.604553289371289 0.006474675569079409 0.028025648840073813
0 0.8564869572329866 0.6028016790690883 0.006474675569079693 0.03453160303509094
2 0.8999799041020586 0.5992984729640791 0.016327442739417962 0.07957282438520977
2 0.8802743697613817 0.5862865645740447 0.012386335871282626 0.06455908393517007
2 0.8657767266393123 0.589789770679054 0.01154181297096784 0.05755267172515161
2 0.8470564690156692 0.5937934347990645 0.010697290070653197 0.07256641217519125
2 0.8567684823692886 0.5780290073265231 0.0047856297684499794 0.017015572510044805
2 0.8369221942118926 0.5917916027390592 0.008445229003147148 0.06255725187516482
2 0.6024263330574281 0.5732748591755022 0.00788221373627089 0.04253933725809226
2 0.5562590836739656 0.5757769462590171 0.007882213736270743 0.04754351142512526
2 0.5279675665134222 0.5747760302290145 0.010978797704091435 0.056551755695148954
2 0.5119216314074424 0.5750262592365151 0.007600706102832575 0.06105587783016091
2 0.1109139575664846 0.5747760229793186 0.018579598822471424 0.08557832056522546
2 0.12470787536211825 0.58453496152154 0.007319210971440061 0.0860787785802268
2 0.1323085739637234 0.5880381676265494 0.011260332842030187 0.06505954195017136
2 0.1932549803537164 0.5857861065590435 0.012667843504720864 0.09558748086525178
