1 0.045993125904486246 0.691027496382055 0.09198625180897249 0.22141823444283645
1 0.05006331403762663 0.6273516642547033 0.0984985528219971 0.14616497829233005
1 0.14123552821997104 0.5701881331403763 0.05291244573082489 0.04052098408104193
2 0.14042149059334297 0.5810419681620839 0.017094790159189566 0.1027496382054992
2 0.20188133140376263 0.5839363241678726 0.016280752532561494 0.09696092619392183
0 0.23567571554805677 0.5997790351642511 0.029713053953845953 0.05971311368730607
0 0.24708725519686578 0.6009273642736219 0.024976158128825077 0.046698717114431645
1 0.46370110401346465 0.6467094299999286 0.240497379049524 0.2287896344441171
1 0.7307524318964758 0.594344395104041 0.04027939048800163 0.04597971858128926
1 0.6671534679189821 0.5796459604755964 0.03349547122059079 0.03316569864879881
1 0.6902611031281239 0.5792690775364053 0.010175839358154092 0.026381805743362532
1 0.7027689056725217 0.5770077799012601 0.008903859438384813 0.027889337500126316
1 0.7108247521357524 0.5717314187525873 0.004663926372487453 0.023366742229835608
1 0.7894755368701268 0.5724851846309693 0.01187181258451318 0.015829083446017692
1 0.8127951687325634 0.5777615457796418 0.01271979919769251 0.018844146959544616
0 0.7988033820831082 0.6037664685838127 0.01441572723209459 0.02713557162174437
2 0.7992273829216913 0.5856760875026505 0.01271979919769265 0.049748547973198075
2 0.8327228541422821 0.580776609293169 0.008479866131795149 0.050502313851579855
2 0.8638863659426245 0.5856760929622223 0.009751853583558961 0.04070334651347093
2 0.8732142017406163 0.5905755657121321 0.00805589918718 0.05200984560834352
2 0.8814820712191161 0.5868067363202228 0.009327879106949134 0.05803997263539774
0 0.888477973958835 0.6007514050702863 0.0105998326647439 0.03618076216232588
