1 0.042329956584659906 0.6389290882778582 0.08465991316931981 0.175108538350217
1 0.14978289799298772 0.5607814761215628 0.017908748250857802 0.04775687409551373
1 0.6593704775687409 0.5781476121562952 0.034189580318379174 0.03617945007235889
1 0.6821635311143271 0.5745296671490593 0.009768451519536966 0.026049204052098388
1 0.6923390014471781 0.5716353111432706 0.013838639652677358 0.028943560057887154
1 0.7053636034732271 0.5694645441389291 0.013838639652677216 0.03617945007235889
1 0.7391461649782923 0.5701881331403763 0.016280752532561563 0.02026049204052107
1 0.7806620839363241 0.5752532561505065 0.01465267727930552 0.02170767004341535
1 0.8042691751085382 0.577424023154848 0.021164978292329977 0.020260492040521
2 0.11884952963995346 0.5781476121562952 0.008140376266280747 0.09406657018813312
2 0.126582829249313 0.5781476121562954 0.00732638202235805 0.07670043415340089
2 0.13513024602026047 0.5810419681620839 0.014652677279305361 0.05933429811866851
2 0.19781114327062227 0.5846599131693198 0.01953690303907379 0.0955137481910274
2 0.4798751808972503 0.5767004341534009 0.010582489146164917 0.07091172214182336
2 0.49452785817655565 0.5767004341534008 0.010582489146164989 0.06222865412445728
2 0.5676020188519983 0.5740142228628976 0.006574540946794158 0.04675229117720306
2 0.575820211256723 0.5727155669207369 0.009131306870547534 0.04805096593212532
2 0.6342605752282267 0.5766115911855039 0.0076702977712599105 0.031168194118135303
2 0.8411759889148323 0.5921956882445714 0.00876605459572545 0.06882976201088219
2 0.8669262742897762 0.5892736700459963 0.006209288671972218 0.05649235183912033
2 0.8879282687371735 0.5886243608876776 0.011688037107590142 0.060388376103887385
2 0.9080171422302541 0.60388373281973 0.02264564103895779 0.08051783480518296
0 0.8756923305076247 0.600961742840297 0.007670301015506018 0.040908254780052646
0 0.852681435571722 0.596416381198069 0.011322820519479108 0.037012230515285724
0 0.2255432797025223 0.603234423661411 0.030315938810217595 0.05064831544196991
0 0.23997074455798728 0.6038837610388721 0.029220181985751808 0.05064831544196999
