1 0.043957966763858006 0.6403760251947779 0.08628785827445987 0.1780024121840568
1 0.15000413854127584 0.5684037884005361 0.020423098674633808 0.04507166604057112
0 0.22799919340149954 0.6006425495267773 0.03345173660632803 0.054461596465690106
0 0.23838684928483617 0.6050245170585 0.02957828083912474 0.04194168923219834
1 0.25863389614687116 0.5862446562082622 0.08979120969020034 0.06572951297583295
2 0.12271465324327377 0.5856186608465875 0.01232428368296869 0.0895173367194677
2 0.13503893692624241 0.5821756863573772 0.010915794119200815 0.10015925786793588
2 0.19296303895995465 0.5846796678040753 0.021831650790882486 0.10141124859128499
2 0.44983634660929644 0.5849926654849129 0.013732788884856737 0.06948548514588046
2 0.464625505794603 0.5853056631657501 0.01232430557633711 0.07136347123090436
2 0.593502289932677 0.5759157327406313 0.009507304555432939 0.047575647487269494
2 0.6061786960065877 0.5752897373789567 0.00880305977354901 0.047575647487269564
2 0.6454403425966163 0.5721597605705837 0.00774669260072315 0.036307730977126695
2 0.8421006948100778 0.6209874123835699 0.02922624602165552 0.12269506368348435
2 0.8602350010712132 0.6097194822710595 0.016197629983330443 0.10141124859128489
2 0.8887569632156845 0.6047114558999439 0.028169869465959216 0.10516722076133216
0 0.8970317909246482 0.6316293607367751 0.010915794119200793 0.05884364561162158
0 0.8757283987831554 0.6084675142183239 0.009859451967367334 0.02003189691481468
1 0.662564517114658 0.5775782178544743 0.033087186650738266 0.03796288755851013
1 0.6847399538375377 0.5796640907972492 0.010325098162702639 0.03212244331873934
1 0.6952996835260324 0.5779953924430301 0.010794415406217405 0.03212244331873933
1 0.7065633922062563 0.5769524559716422 0.012671690633189956 0.028367872021743845
1 0.7423491436278298 0.5725721227918144 0.013844981657670842 0.018772856484977465
1 0.7832974566365847 0.5742408634487288 0.017364931850399626 0.016269893559038084
1 0.8055902039115977 0.5796640907972502 0.015956928012230805 0.020441554839197736
