1 0.048842257597684506 0.6374819102749637 0.09605643994211287 0.1664254703328509
2 0.1441644290286203 0.5867434401034868 0.01221056439942111 0.10005893643485471
2 0.2022883755236548 0.585383502170767 0.01546666429277719 0.09985528219971063
0 0.23538982262126573 0.603771415035964 0.030119392185238746 0.054992764109985465
0 0.2476677026147468 0.6032388894452341 0.029673206873191235 0.0500471181450974
1 0.12763285578077757 0.5681024221875913 0.023205922171469776 0.047341868515632594
1 0.4037059017799446 0.6716161813244059 0.3171266517882173 0.2729694456907246
1 0.6694063291560624 0.6007226598510021 0.08454201979382227 0.09978728025669747
1 0.743207353900277 0.5810115921459791 0.03672725056209994 0.05297349445725934
1 0.7738512032123589 0.580004669402659 0.019403082272135778 0.019711067705026793
1 0.8166618734897125 0.579779650414415 0.014552311704101867 0.020943009436590856
2 0.8055178825486657 0.5762406742555856 0.009284901042789926 0.030261899695018996
0 0.8050020547129552 0.5877035150491534 0.007737417535658438 0.02017459979667933
2 0.878970632050779 0.5690154169927059 0.004126622685684253 0.008253245371368862
2 0.88219455602397 0.5901070440528705 0.006447847946381984 0.0596067721265527
2 0.871104257556193 0.5946921803702976 0.015216921153461129 0.06602596297095055
0 0.8867080358413679 0.6066136012164546 0.008253245371368791 0.024759736114106444
1 0.792951554741434 0.5746724242634226 0.013632404952574718 0.015422518734226074
