1 0.053319464544138925 0.634587554269175 0.10663892908827785 0.18379160636758315
1 0.12861794500723586 0.5658465991316932 0.024421128798842257 0.04630969609261939
1 0.6219247467438493 0.5839363241678726 0.04558610709117211 0.04775687409551374
2 0.14734079302791114 0.5839363241678727 0.016280752532561494 0.10564399421128799
2 0.22670947901591895 0.5803183791606368 0.013838639652677252 0.09840810419681617
0 0.24461830680173657 0.6013024602026049 0.017094790159189514 0.07091172214182344
0 0.25520079594790157 0.6013024602026049 0.0187228654124457 0.05933429811866866
2 0.3720151953690303 0.58972503617945 0.022793053545586018 0.0853835021707669
2 0.47539797395079586 0.5824891461649783 0.016280752532561563 0.0738060781476122
2 0.9093341135580443 0.5983612934632307 0.010598633549109308 0.03564705578078822
2 0.8973032322320281 0.595305831539163 0.010598633549109166 0.051942852709148536
2 0.8765356394668814 0.595305883177925 0.011457982215253395 0.052961340017171066
2 0.8655073315847003 0.5960696970201801 0.008307037106058743 0.05143360905513724
2 0.8501822803717988 0.5818108747078647 0.008020587550677617 0.04124873597491217
2 0.9338255474831755 0.6859512019531678 0.06588353604844695 0.2128638473767067
0 0.8566273953678787 0.5907226386530618 0.004296743330720006 0.025462182700563007
0 0.8877071721267535 0.6039629736573545 0.008020587550677334 0.037684030396833205
1 0.7917465710740066 0.5800285219188254 0.016614074212117344 0.024443695392540404
1 0.8136599620606788 0.5825747401888817 0.0157547255459734 0.024443695392540404
1 0.7787131163041561 0.5741722198976958 0.011744431770634662 0.012731091350281432
1 0.6704351843700118 0.5792646564378086 0.030650102425802857 0.04023024866688949
1 0.691059558477412 0.5797739000918198 0.011171544899761032 0.03310083751073186
1 0.7035201263763886 0.5805377877037345 0.012603780436778749 0.03462856847276569
1 0.7148348654541187 0.5787554127837973 0.013463129102922694 0.028008400970619293
