1 0.041515918958031826 0.6403762872447503 0.08303183791606367 0.17800289435600575
1 0.1505969609261939 0.5658465991316932 0.017908827785817642 0.037626628075253236
1 0.661405571635311 0.581041968162084 0.028491316931982594 0.03907380607814758
1 0.6821135593548695 0.5745889013797295 0.006612244531939825 0.029062028519229264
1 0.6915665669451814 0.5743113554131911 0.010168142806003533 0.024855463616610264
1 0.7047004121112893 0.5754411373111702 0.011862839545579467 0.02560863700075885
1 0.7409243865189769 0.5705453684727899 0.013133841402962644 0.015817099323998107
1 0.7815969276378292 0.5724283564875516 0.01482853061624823 0.021089465765330787
1 0.804898904320505 0.578453918134789 0.013981186009605438 0.021089465765330787
2 0.1192637533849681 0.5803369061495506 0.007202429156463417 0.09565579114989355
2 0.12922006568402866 0.5803369061495506 0.00593143858851573 0.06402159250189723
2 0.13769350986888365 0.5871156630026927 0.0059314122464992815 0.05498325003104121
2 0.19594844028613764 0.5829730893702171 0.010591807583034445 0.09490259594398885
2 0.4853166234546393 0.5758177349141227 0.008897118369748967 0.061008811678278575
2 0.4995096456159054 0.578453918134789 0.0084734460664275 0.055736445236945896
2 0.5656025249340405 0.573934746899361 0.005931412246499263 0.04217893153066164
2 0.5755588240620928 0.577324125325932 0.008049773763106173 0.042932126736566475
2 0.6363557995887107 0.5728049540905039 0.0067787568531420565 0.03389378426571035
2 0.8414131943962582 0.5931412246499302 0.011015479886356018 0.07004715414913455
2 0.8670453687472013 0.5874922606056451 0.008049773763106173 0.05724283564875513
2 0.8850514341120694 0.5871156520918148 0.008473446066427642 0.06402159250189733
2 0.910259943685982 0.6033093599296433 0.016523219829533815 0.08435786306132342
0 0.22751201183099937 0.6021796544078097 0.03219912515758656 0.056489465868802574
0 0.24106954058986446 0.606322140753262 0.02118361516606896 0.05423005482513645
0 0.853409383050803 0.5984135910912629 0.005931412246499263 0.047451297971994606
0 0.8764995367528263 0.5984135910912631 0.008049800105122823 0.03690656508932894
