1 0.047214182344428354 0.634587554269175 0.09442836468885671 0.1664254703328509
1 0.1257688133140376 0.5687409551374819 0.023607091172214184 0.04341534008683062
2 0.1428636107036781 0.5810419681620839 0.013838654113579088 0.09117221418234443
2 0.1969971056439942 0.5846599131693199 0.01953690303907379 0.10709117221418239
2 0.23955976687287603 0.5953419091155671 0.031072088880508594 0.11047853824180855
2 0.2520179248293117 0.594299658754795 0.02198498677320081 0.11985879148875447
0 0.22622221928737468 0.610193976756565 0.018467373579924954 0.039084388528941715
2 0.6368312464806071 0.5724560295266069 0.009673367935242302 0.03699985006198234
2 0.648996271523076 0.5711531977029342 0.00762145576314353 0.03439426190546868
1 0.6684896050945507 0.5784489502283365 0.03312403490028218 0.03960551370932741
1 0.6897417608846679 0.5771461372773719 0.009380281887286334 0.0349153870858545
1 0.7017602168664854 0.5761038982402247 0.012897889873227495 0.02970415792924528
1 0.7130458158285465 0.5755827617362141 0.009673391368247727 0.026577384199680407
1 0.7455835666752233 0.576364449506793 0.01788110775199087 0.025014008658522685
1 0.789406937313299 0.5745405113754424 0.013484114042484806 0.01823938131350623
1 0.8119781716887629 0.5787095128185296 0.013484114042484806 0.019281631674277905
2 0.8707527199832366 0.5963841639205245 0.01261828396258494 0.04037850868027206
2 0.9010365774766811 0.6720137516073831 0.04794960394497456 0.21727483242241574
2 0.9563767721170586 0.6643226070968551 0.04975212627705976 0.24932126788294892
0 0.9810725740561226 0.7316201215639748 0.03785485188775459 0.1544638189197702
2 0.9899053728299319 0.6406082448560605 0.018026119946549953 0.11472623894870906
