1 0.04924927641099855 0.6454413892908828 0.09687047756874095 0.18234442836468895
1 0.13390918958031836 0.5738060781476122 0.04151591895803184 0.05354558610709113
2 0.1615864688856729 0.5882778581765558 0.013838639652677252 0.10853835021707667
2 0.22508141071937096 0.5875543320671018 0.013838639652677287 0.10419681620839367
0 0.238512982861777 0.6075479807509154 0.01953690303907383 0.053545586107091134
0 0.2526925153654836 0.6091641175953872 0.016484750066343316 0.046787126893948996
2 0.37285765727873993 0.5939969217573744 0.02429334801720141 0.0843196572594248
2 0.45811400272777675 0.5733427620054993 0.011474582231511689 0.05748881602858368
1 0.6277987205369687 0.5847787092800025 0.04763692873532877 0.04945274497082458
1 0.668481351810572 0.5801425144389876 0.030946616907268843 0.043889311161606825
1 0.688127221506283 0.580760673751123 0.009040584397295643 0.036471399415983256
1 0.6999495242939601 0.5776698771904468 0.011822313188082481 0.03647139941598327
1 0.7114240983537239 0.5770517178783112 0.012517726070740025 0.033998762167441895
1 0.7472387035005633 0.5758153992540405 0.013908584523044425 0.019162938676194584
1 0.7887905997631587 0.578906195814717 0.01495172836227283 0.016690301427653365
1 0.8117397642261821 0.5823060720314612 0.02051516217149043 0.02349005386114179
2 0.8466850828403313 0.580760673751123 0.006258863035370155 0.036471399415983256
2 0.8541609440499233 0.5835423996104633 0.007302006874598277 0.03461692147957727
2 0.8666786730922077 0.5925057006816938 0.012170011457664031 0.05377986015577186
2 0.8779793980171812 0.5940510989620321 0.008345150713826542 0.05192538221936602
0 0.8845859756656274 0.6048688869244 0.011126867618435484 0.03523508079171265
2 0.8943219848317584 0.5962146565545057 0.009736009166131225 0.05130722290723064
2 0.905622709756732 0.6014690107076558 0.012170011457663747 0.045743789098012896
2 0.9924927501965692 0.6128798842257597 0.015014499606861804 0.11722141823444279
