1 0.04965629522431259 0.6439942112879885 0.09931259044862518 0.1765557163531114
1 0.13390918958031836 0.5738061200756077 0.03825976845151953 0.04775687409551374
2 0.16158645845061068 0.5853834392787737 0.015466714905933437 0.10564399421128799
2 0.22345332850940663 0.5868306801736614 0.013838639652677287 0.09985528219971052
0 0.24095513748191025 0.6063675832127352 0.01465267727930538 0.052098408104196706
0 0.2507235890014472 0.6092619392185239 0.017908827785817677 0.0434153400868307
1 0.37486431314881236 0.5904486251808975 0.0236071189990469 0.0897250361794502
1 0.6282860047517432 0.5880889192324159 0.04570353960326841 0.04356214216536415
1 0.6687584151516879 0.5827048342456853 0.0341400028501337 0.0376885949071127
1 0.6899582568455993 0.5809917162953622 0.007158395132541524 0.030346660834298697
1 0.7005581718103377 0.5807469851596013 0.0134908179761173 0.02887827401973571
1 0.7126723630304815 0.5809917162953622 0.009085643415107399 0.027409887205173077
1 0.7488772754270465 0.5751181690371109 0.01211419122014334 0.018599566317796034
1 0.7881107356286472 0.5795233294807994 0.015142739025179281 0.019578490860837832
1 0.8117884706605862 0.5819706408384043 0.015142743730953374 0.0254520381190892
0 0.8870891843477736 0.6076674100932539 0.0071583857209938625 0.0337728967349453
2 0.8477180628823073 0.5812364474311228 0.008810320887376974 0.032793972191903366
2 0.8539128197562442 0.583928489924488 0.004129837915958064 0.03132558537734042
2 0.8671283010873099 0.5946966102650761 0.008534998359646547 0.04992505242939051
2 0.8766269282940132 0.5959203155767512 0.0066077406655327305 0.05041461396665738
2 0.8963124890267463 0.5949413910337092 0.006332418137802165 0.04551999125144789
2 0.9055357937057189 0.6003254760204396 0.010462256053760229 0.03964644399319653
