1 0.043686548223350254 0.6355329949238578 0.08508883248730964 0.17461928934010146
1 0.14419416243654823 0.5624365482233502 0.027982233502538048 0.04060913705583758
2 0.11621192893401014 0.5710659898477156 0.010850253807106611 0.07614213197969548
2 0.12363578680203044 0.5472081218274112 0.010850253807106575 0.026395939086294434
2 0.12763324873096446 0.5903553299492386 0.00970812182741117 0.0517766497461929
2 0.1930203045685279 0.5837563451776648 0.018274111675126894 0.0954314720812183
0 0.21986035646654156 0.5969543147208118 0.025127002802957342 0.054822335025380704
0 0.24241751269035533 0.6035532994923857 0.015418781725888344 0.04162436548223347
2 0.39346446700507615 0.5807106598984771 0.01484771573604057 0.07918781725888323
2 0.41373730964467 0.5868020304568528 0.0188451776649746 0.07309644670050766
2 0.84375 0.5868020304568528 0.006281725888324985 0.05076142131979701
2 0.8643083756345178 0.5913705583756345 0.009708121827411133 0.047715736040609046
2 0.8905774111675125 0.5664974619289339 0.013134517766497425 0.008121827411167572
2 0.8954314330902814 0.620304568527919 0.026269113514869415 0.08730964467005073
2 0.9639593376934847 0.596446700507614 0.014847822074959821 0.06802030456852792
2 0.9813769035532993 0.6045685279187816 0.016560913705583574 0.07411167512690348
0 0.8491751269035532 0.5918781725888325 0.0057106598984772465 0.02842639593908636
0 0.8754441801597015 0.6005076142131982 0.012563487222955918 0.03147208121827417
1 0.6698604060913705 0.5746192893401014 0.013705583756345164 0.04060913705583758
1 0.680996192893401 0.5730964467005075 0.006281725888324985 0.0355329949238579
1 0.6907043288993349 0.5720812182741113 0.009708150184456353 0.037563451776649735
1 0.7021256486962888 0.5730964467005074 0.015418810082933438 0.03350253807106597
1 0.7386738578680202 0.5700507614213197 0.013134517766497425 0.01319796954314718
1 0.7795050761421319 0.5741116751269035 0.017131979695431454 0.011167512690355324
1 0.8023477157360405 0.5776649746192892 0.012563451776649685 0.018274111675126933
