1 0.05006331403762663 0.6345875542691751 0.09687047756874095 0.17510853835021706
1 0.129839001447178 0.5665701881331404 0.025235166425470332 0.03617945007235889
2 0.14652677279305354 0.5817655571635312 0.014652677279305361 0.10709117221418239
2 0.2242673522226184 0.5839363451318705 0.015466714905933399 0.09696092619392183
0 0.24246487714907122 0.6020260492040513 0.017880204833741562 0.06078147612156292
0 0.2541028736278809 0.60496628566575 0.016166191646689754 0.05491373035542225
2 0.3850201577666988 0.5895699126689026 0.019341693577289546 0.07544222768455214
2 0.46766482977923923 0.5886546609127984 0.02078510354574405 0.07800828985069351
1 0.6238417883660098 0.5878848422629559 0.043302299053633246 0.04567590655731401
1 0.6707526123407793 0.5801866557645323 0.03204370129968879 0.03951735735857497
1 0.6913933798237896 0.5796734433313039 0.009815197653714178 0.03233238329337936
1 0.7022189570542536 0.5763375625153204 0.011258612556280759 0.033872020593064385
1 0.7152096517044555 0.5783904271171498 0.015877534323558887 0.026687076265701538
1 0.7508618655900008 0.5735148941325652 0.013856735697162606 0.01898886002944515
1 0.7925764136783343 0.5760809562987064 0.01876432958990776 0.017962435162988656
1 0.8142275632051508 0.5786470184648475 0.014145417690853606 0.023094559495271057
2 0.8534883143471116 0.5801866557645323 0.006639685854890161 0.03541165789274906
2 0.8659016400758199 0.5927603603786242 0.008949141804417735 0.0533740930557375
2 0.8774489198234554 0.5942999976783091 0.009526505791799167 0.05234766818928101
0 0.8866867343701031 0.6027679879576587 0.012413344231628383 0.03746450762566205
2 0.8989557283534266 0.5971226883644389 0.009815187785490025 0.05388730548896596
2 0.9102143261073712 0.6014849717435046 0.010392551772872025 0.03797772005889009
2 0.9328758194386265 0.6833423548434097 0.06322144296526347 0.20990388519035258
0 0.8575298622587841 0.589937691995869 0.004330229905363296 0.023094559495271057
