1 0.05314324541697893 0.6373668681122006 0.08921091945402723 0.16698118257082753
1 0.15827067493539917 0.5678495773020875 0.030653972323410238 0.044714626295117056
2 0.13410117232239574 0.5814735852433045 0.019256982613424362 0.10130657519987424
2 0.2034656096952407 0.5839189163688187 0.016505985097220944 0.103402573307458
0 0.23667407971226845 0.6017349002832791 0.030260972678238362 0.0649759413350919
0 0.2474815699544964 0.6048788974446547 0.026723975871690973 0.05030395458200651
2 0.6150444446940644 0.5763994795854918 0.005501995032407052 0.03493330179306007
2 0.6215289388394012 0.5750021475137693 0.004322996096891245 0.03633063386478255
2 0.6250659356459486 0.5753514805316999 0.005108995387234927 0.03143997161375409
1 0.6698678951955482 0.5791941437289365 0.033404969839613725 0.03912529800822739
1 0.6910898760348323 0.5767488126034224 0.009824991129298298 0.02724797539858706
1 0.7022903659222319 0.5753515361969894 0.009431991484126172 0.031440082944333564
1 0.734909336471502 0.5879274691772016 0.03458396877512954 0.044015960259255776
1 0.7632053266320499 0.5795434767468666 0.018864014384591538 0.03563196782892127
1 0.7769602985048981 0.5760501465675611 0.010217990774470139 0.024453311255142225
1 0.7883572847241787 0.5746528144958366 0.009432040353987939 0.017466650896530003
1 0.814295264796231 0.5802421427827283 0.01650598509722073 0.02165864711169725
2 0.798575278989354 0.5715088173344633 0.00864599219378249 0.019562649004113624
0 0.798378779166768 0.584084805979965 0.00668099396792286 0.012575988645501681
2 0.861455209999397 0.5589328286889613 0.008646016628712429 0.020959981075836093
2 0.868136198731261 0.601900779773461 0.01965011490536047 0.0901279186260948
2 0.8824807032335602 0.5903728003027159 0.009824991129298013 0.057290614940618594
0 0.8930916936532023 0.597359460661328 0.01061099041964212 0.03633063386478255
