1 0.04965629522431258 0.6338639652677279 0.09442836468885671 0.17655571635311149
1 0.12943197567715575 0.5665701671691422 0.027677293218770896 0.04775687409551372
1 0.6304721418234442 0.5824891461649783 0.046400144717800344 0.05065123010130243
2 0.1538531114327062 0.5875542691751086 0.013024602026049194 0.11577424023154848
2 0.22548842605433095 0.583936387059866 0.017908827785817642 0.10564399421128791
0 0.2406896356724847 0.6027496382054992 0.013555605644900309 0.05643994211287993
0 0.25520079594790157 0.6013024602026049 0.013838639652677287 0.053545586107091266
2 0.43329824792362 0.5882162442456463 0.020046254486012213 0.080907358774946
1 0.6718200326848202 0.5798360712204469 0.03196563058742271 0.040453679387473046
1 0.690511803774568 0.5805584583523661 0.008668653685708603 0.02937707669804588
1 0.7022957438639992 0.5786320926672484 0.011106710255935428 0.037082539438516866
1 0.7140796816383795 0.57718731840341 0.011919391149242498 0.029377076698045887
1 0.7510568712172031 0.5745385655863732 0.012190282851135804 0.01637410832350106
1 0.7906075585870983 0.576946515716378 0.01544102494477201 0.019263656851177587
1 0.8133627613452308 0.5800768669310866 0.015441024944772152 0.020708431115016027
2 0.8493918195496991 0.5827256197481236 0.006230589012802881 0.03660094801723751
2 0.8546742754518578 0.5832072111694031 0.0054179034893937226 0.03563776517467865
2 0.868219034175342 0.5957285881226685 0.008126855234090727 0.055864604868415026
2 0.8771585749328418 0.59452460956947 0.009752226280908757 0.04960391639178248
0 0.8871816963882201 0.60295245944186 0.008126855234090727 0.029858668119325315
2 0.8953085516223106 0.5964509752545877 0.00541790348939358 0.05345664776201801
2 0.9070924917117419 0.5983773409397054 0.011648492502196461 0.039008905123634606
