1 0.04884225759768451 0.6490593342981187 0.09768451519536903 0.17800289435600583
2 0.15616152488823354 0.5918471371730809 0.031627698669739475 0.11772516038771813
2 0.22254667679637222 0.5938970777768473 0.015484372774877108 0.10308272750367366
2 0.29865071326470277 0.5997540509304652 0.029321488743280874 0.11479667381090927
0 0.23901941379092237 0.6105894512646581 0.01614328225465911 0.05798403422081627
0 0.25005614757727096 0.613517937841467 0.013837099075422117 0.047441482544304275
1 0.12618114848527207 0.5824759631583264 0.028992017110408223 0.04158450939068665
2 0.4638722737665317 0.5927256831461238 0.012519280115858037 0.06091252079762533
2 0.7421947508618253 0.6082466620032143 0.011993926861288341 0.09546866240397088
2 0.7488506237722489 0.6094180566339346 0.007906913757384188 0.0907830838810763
2 0.846265656395872 0.5836712828330334 0.005633882988850587 0.034053692732608457
2 0.8540122455055417 0.5846728620310513 0.0076057420349484066 0.033052113534590505
2 0.860491206729878 0.5926854956151951 0.007042362161747934 0.047074222306841274
2 0.8692237295754386 0.5931862852142034 0.008169130333833437 0.046072643108823357
2 0.8907733320077924 0.5946886540112303 0.011267765977701317 0.05408527669296646
2 0.9026044923027249 0.6029516823948791 0.012394554612162913 0.04256711591576076
0 0.8802098014036973 0.6004477343998331 0.012676236724914247 0.04356869511377852
1 0.6273615437367173 0.589135093544897 0.04550189074784121 0.04676580874008303
1 0.6659315062490847 0.5831313748552915 0.032349000963821206 0.04739777912846243
1 0.6858385651287162 0.5837633452436707 0.011730950334294476 0.042342016021426405
1 0.6981027465540771 0.5831313748552912 0.011375479142573364 0.0360223121376314
1 0.7110778901094612 0.5793395525250145 0.011730965523972476 0.03728625291439046
1 0.7780274530064052 0.5781786360972384 0.02093742608903625 0.033572866234271644
1 0.8106652054393146 0.584017395442329 0.021347963855487963 0.03065348656172617
