1 0.04884225759768451 0.6367583212735167 0.09768451519536903 0.17076700434153402
1 0.12780390738060782 0.5672937771345876 0.027677279305354557 0.04052098408104193
1 0.638612518089725 0.6034732272069465 0.0936143270622287 0.09840810419681624
1 0.7204232995658466 0.5890014471780028 0.05372648335745296 0.06657018813314032
1 0.7599041244573081 0.5803183791606368 0.020350940665701815 0.040520984081042
1 0.7810691027496381 0.577424023154848 0.012210564399421173 0.026049204052098388
1 0.8152586830680173 0.5788712011577424 0.010582489146164989 0.017366136034732235
2 0.1456046119685761 0.5818923246151588 0.010259403553341394 0.09750817736167214
2 0.2026232201784928 0.5843475664911721 0.014599920441293506 0.09820967504053314
0 0.23675546311071907 0.5994297665866827 0.02998903278100941 0.06103029806090277
0 0.2470148561495049 0.6015342697852466 0.02762147110514995 0.04840333984140563
0 0.8048740362643335 0.5889073014037683 0.00986481110898211 0.01473145125607992
0 0.8863573760245259 0.6022357573021264 0.01025940355334157 0.025955414117855184
2 0.8044794438199742 0.573123603629397 0.009075626220263614 0.01823893965038472
2 0.8766898611377235 0.6032880038204179 0.018545844884886406 0.07856774003242656
2 0.8622872369186095 0.5864520595277551 0.010259403553341429 0.033671888585325646
