1 0.04558610709117221 0.6360347322720695 0.08954413892908826 0.17221418234442837
1 0.1583303183791606 0.5723589001447178 0.03663169319826336 0.056439942112879816
2 0.12332670766460428 0.5723589315907144 0.015466700445031638 0.07670037126140741
2 0.13350217076700432 0.5781476121562952 0.01628075253256151 0.09696092619392183
2 0.19232400234771313 0.5849084096588082 0.0305983866206844 0.10403451451032687
2 0.4250629805812939 0.586268337953061 0.018741511805169184 0.08227566180228471
2 0.4373023352295677 0.5835484813645556 0.013386794146549405 0.08091573350803216
2 0.6063584213088491 0.573689001231224 0.008032076487929701 0.0475974902988424
2 0.6153466973786752 0.5747089474519135 0.006119677324136887 0.041477812974705514
0 0.22848603989387395 0.6013767997979836 0.03371779521052147 0.0545820135657221
0 0.23917704082676022 0.602351464492342 0.03152475814029411 0.04873394068368039
0 0.9045884024437467 0.64094619098055 0.029905129566429167 0.07068822680879094
0 0.8748503406402586 0.605305068219815 0.009522862487633716 0.02791887949590901
1 0.6625029894134312 0.578494521945706 0.032855755232060406 0.04112077377320039
1 0.6839249324394366 0.576391755105031 0.012090944353650525 0.030373298809750343
1 0.6948330179155525 0.577326318145331 0.011828063478797049 0.030373298809750367
1 0.7062668196156773 0.578027240425556 0.012090923341789316 0.026167765128400335
1 0.7428023864684515 0.571952580663606 0.014719367884725046 0.019625823846300322
1 0.7819664328839332 0.5747563442445768 0.015245087610709931 0.019625877999078552
1 0.8053596999785334 0.578728162705781 0.01839920985590652 0.023831357527650213
2 0.8481628446695185 0.6263142669900009 0.035329490279080805 0.1489040213668257
2 0.857292961749892 0.645368376966645 0.0075422356794214804 0.02611113170887464
2 0.8723774331087353 0.5836190790064683 0.013893592041039682 0.04234237574412106
2 0.8950041859834263 0.6129058888961519 0.028184235527533998 0.1206757708707449
