1 0.04415215881952832 0.6410998552821997 0.0883043176390566 0.17076700434153383
1 0.1785092788053335 0.5776558879230014 0.07420616394304586 0.05990664013437517
2 0.11201051836361849 0.5824356730401057 0.010037548745919268 0.05672011672297231
2 0.1240197284703433 0.5817983683578252 0.008962097094570768 0.0847615227433181
2 0.1351327224993547 0.5814797160166847 0.0111130131337803 0.09304648361296573
2 0.19607497796624365 0.5865781534749296 0.024018442502346728 0.10069413980033254
2 0.43231586852357706 0.588171415180631 0.01613177477022738 0.07074081973314506
2 0.4466552015859935 0.5878527628394906 0.011113000397267854 0.0752019525091093
0 0.2276215772518375 0.6037853798965054 0.029037207322921855 0.05225898394700811
0 0.24178168429300292 0.6034667275553651 0.022226000794535388 0.05289628862928872
2 0.6113942637916164 0.5758047804405102 0.008962097094570751 0.041424804348238024
2 0.6018944472396279 0.5700690382999849 0.005735754877037812 0.03887558561911581
1 0.6619565559212103 0.5775608070711076 0.03461583457177972 0.04136243334483032
1 0.6830949119657871 0.5768041771928485 0.00993076715215068 0.03379613456223943
1 0.6935931616074469 0.5768041771928484 0.012200676948558222 0.03379613456223941
1 0.7057938070534574 0.5778130316447043 0.01276815187745619 0.029760775211524405
1 0.7416864381634756 0.5725166078827136 0.013619337808663801 0.018159117078218257
1 0.783111923998161 0.5735254477203924 0.017591644669523704 0.016141437402860816
1 0.8059526884481073 0.5793262767870454 0.01560549123909354 0.020681216672415275
2 0.8849936693777813 0.6134608829026574 0.015156884917983006 0.11197382635704926
2 0.8437332454758735 0.6305264993296176 0.031661048495342216 0.14011698057513114
2 0.8590585551847885 0.6122633018721008 0.01044140961016609 0.10718350223482247
2 0.8718577024488627 0.5898086575491631 0.009094130950789606 0.05628630843616378
0 0.9003189641281863 0.6401070608325434 0.02492465519846064 0.06706453771117381
