1 0.041402284263959394 0.6370558375634517 0.08052030456852792 0.16954314720812177
1 0.1464784582976148 0.5659898477157348 0.021129505427717014 0.04162436548223344
1 0.6507005990199173 0.5849868686673254 0.016128735346956802 0.03091340941500043
1 0.7390236938273531 0.5743621865221812 0.011844540020421306 0.021504980462608927
1 0.7789675149600507 0.5759302580142465 0.015120689387771762 0.02195300088891351
1 0.800766508827422 0.5797384316378336 0.0183968387551225 0.02777726643086986
2 0.11380921421194076 0.578824115407165 0.009166598016107592 0.09840382143787274
2 0.1270302384057712 0.5744369874584455 0.01445501994847732 0.08837611861634148
2 0.12791167269826012 0.5916730220280338 0.009871720940423536 0.05640983394527744
2 0.20071561463388382 0.5847784867680554 0.01727551164574123 0.09652349363969677
2 0.30683659067143476 0.58415171083533 0.02996777242743297 0.10404480483240054
2 0.3322210662791778 0.5875989784653193 0.017980634570057177 0.09464316584152108
2 0.5578603757999215 0.5741232959117252 0.009519159478265492 0.06769180073433312
2 0.6075715419641973 0.5753768477771759 0.01374989702416144 0.035099452232617026
2 0.6172669821735414 0.5691090247355267 0.00916659801610755 0.03635313152685962
2 0.8398013984835896 0.5876024968964635 0.008461475091791612 0.048261746819848385
2 0.8838715856300651 0.6261492354985981 0.036666392064430446 0.12034082167122144
2 0.9284706105930508 0.5976308518535781 0.01233965117552941 0.0645579210707065
2 0.9422205076172122 0.5963772999881276 0.010929405326897523 0.05954371360890399
0 0.22722586236082065 0.5963562993249035 0.028557478434796727 0.05640983394527737
0 0.24203344377145597 0.6019972827194313 0.025031863813216867 0.04638141902167256
0 0.8465000706413194 0.5888559887954239 0.009166598016107343 0.028204916972638827
