1 0.05006331403762662 0.6439942112879884 0.10012662807525324 0.1794500723589001
2 0.15986038160597812 0.5946425582308753 0.01628075253256151 0.10130246020260486
2 0.22345332850940663 0.5868306801736614 0.015466714905933437 0.10274963820549936
2 0.3170676364406878 0.5947901591895802 0.021979040267436644 0.09551374819102745
1 0.1358078998885935 0.575436894262491 0.03677165579567714 0.04229951046479081
0 0.24241477857108848 0.6094961157124784 0.02008537512842393 0.058779706517562105
0 0.2538479907345769 0.6105948018156107 0.013287235059752654 0.05218758989877003
2 0.5252002127106106 0.5864078931036765 0.012301022666952051 0.05075138911648182
1 0.6308335775240747 0.5898301686342342 0.04456219532178892 0.04580003408072755
1 0.6699415423432256 0.5821968296207791 0.03133280052776209 0.04291174364320401
1 0.6918745107456943 0.5828157490002479 0.009747999069564325 0.03837300152709582
1 0.7022027254112555 0.5793085152746099 0.00905170980899696 0.03630988911157551
1 0.7134593231129526 0.5811653331846309 0.012068944759108136 0.03177112308682102
1 0.749550050998528 0.5776580875046714 0.013693591270758105 0.02310632350018693
1 0.7903987300435011 0.5799274585627255 0.016942918012971972 0.019392807223371094
1 0.7762409492381411 0.5758013293662636 0.009980074993942338 0.012791000509032173
1 0.8132600646226481 0.5836409748395412 0.01671082324567081 0.025169388098417827
2 0.8484224218687444 0.5844662006788329 0.003945611044116923 0.026819839777001166
2 0.8559655018060291 0.583228361919895 0.007427032553631392 0.031771194812756816
2 0.866293718950923 0.5923058461521112 0.007194937786330513 0.04662525992002003
2 0.8755775096429622 0.5943689107503423 0.007194937786330513 0.04827571159860455
2 0.8935648541087886 0.5964319753485733 0.006498653484427592 0.04745048575931236
2 0.9031967869517794 0.6005581045450351 0.006730748251728471 0.04002345320568082
2 0.914105214734006 0.6172689277907011 0.02669095080144693 0.10315322991154802
2 0.9351098174556622 0.6207761166876337 0.025066234868506242 0.099439755474861
0 0.8862538689388075 0.5997328787057428 0.00998007499394248 0.03837300152709616
