1 0.04924927641099855 0.6374819102749637 0.09687047756874095 0.1664254703328509
1 0.12902496382054993 0.5694645441389291 0.02686324167872648 0.04196816208393628
2 0.1473408104196816 0.5846599131693199 0.009768451519536895 0.10130246020260493
2 0.22833755426917507 0.5832127351664255 0.013838639652677252 0.1041968162083937
0 0.24461830680173657 0.6013024602026049 0.013838639652677287 0.06222865412445721
0 0.2543867583212735 0.6070911722141823 0.020350940665701884 0.05065123010130243
2 0.39562228654124454 0.58972503617945 0.013024602026049194 0.0738060781476122
2 0.4578961649782923 0.5839363241678727 0.025235166425470298 0.08248914616497828
1 0.6243700223872256 0.587473758602508 0.04740690140621496 0.05056736149996276
1 0.670661467289765 0.5835076910338834 0.03402142336210716 0.04263522636271361
1 0.6918551408596022 0.5785501065731028 0.008365923777567445 0.032720057441152334
1 0.7024519776445208 0.5750797974505564 0.011712293288594395 0.03371157433330851
1 0.715000863310872 0.5770628312348687 0.01784730405881035 0.029745506764683967
1 0.7515320638062494 0.5730967636662441 0.018405032310648294 0.02181337162743489
1 0.7928039544422484 0.5755755558966343 0.0195204888143239 0.026770956088215527
1 0.8137187638861668 0.580037381911337 0.018962760562486095 0.02379640541174716
2 0.8531330658390821 0.5817061039689542 0.007548468124471697 0.036174301350125546
2 0.8672454192891814 0.5930835052000419 0.008204856657034583 0.0565952779187446
2 0.8785681214758891 0.5945421463835148 0.009189439455878698 0.05717873439213399
2 0.9000648459173195 0.5930835052000419 0.00951763372216007 0.05192762613163175
2 0.908926085497467 0.5986263416972386 0.007548468124471698 0.042008866084016744
0 0.88890623385194 0.6038774415057188 0.010830410787285558 0.0373412142969039
2 0.9443710431168746 0.7004394413654977 0.058746831161231805 0.24446837222632747
