1 0.050470332850940665 0.6367583212735166 0.09768451519536903 0.17945007235890004
1 0.12861794500723586 0.5687409551374819 0.024421128798842257 0.04341534008683062
2 0.14734080346297346 0.5817655571635307 0.013024615939465595 0.10130246020260483
2 0.22589544138929085 0.5817655571635311 0.013838639652677287 0.10130246020260486
0 0.24339725036179444 0.6013024602026049 0.017908827785817642 0.056439942112879816
0 0.2519446454413892 0.6049204052098408 0.021979015918958032 0.05209840810419685
2 0.37527134587554256 0.5839363660958681 0.022793053545586087 0.0824890623089871
2 0.4721418234442837 0.5803183791606368 0.016280752532561494 0.0868306801736614
2 0.5899084913682366 0.582406586803768 0.009150166963643543 0.042885631021521674
1 0.6230431868880976 0.5863500538303932 0.04270077916367028 0.04584333929555226
1 0.6697644939600358 0.5801883645095514 0.03244150105291837 0.03647743328267346
1 0.6918080845252038 0.5794489570781461 0.010536568930308833 0.031055112119032925
1 0.7028991954038878 0.5762448582087214 0.010536567745511077 0.03253392698184398
1 0.7139903074673704 0.5759983890649205 0.012754791224525592 0.031055112119032932
1 0.7925985535022818 0.5747660433459106 0.015804833846293605 0.017745778353733144
1 0.779289219736982 0.5727942901954958 0.007486500242981151 0.009858765752073992
1 0.8142262208708939 0.5819136485161642 0.015804833846293463 0.022182222942166305
2 0.8517973609791883 0.5836389468043061 0.007209222456204004 0.04239269273391791
0 0.8581747500750612 0.5878289079674086 0.003327333441325067 0.029083358968618144
2 0.866354444784985 0.5942371057062567 0.00804105581653502 0.05668790307442521
2 0.8764750798555546 0.5939906365624548 0.009982008617562241 0.0561949647868215
2 0.8975458577858692 0.5952229822814641 0.01136838925786023 0.04978676704797337
2 0.9089142470437294 0.5989200194384918 0.008595611390089459 0.0414068161587106
2 0.9320669055108712 0.6908530100765811 0.06432852709856145 0.2144281551076081
0 0.8871479407817288 0.6072999703277547 0.008872889176866324 0.0335198035570513
