2 0.15955135047062413 0.5962373371924745 0.04395808053487336 0.12156295224312597
2 0.2231153502022226 0.5866122873762994 0.018722865412445736 0.11143270622286536
2 0.29630969609261937 0.5991316931982634 0.029305354558610722 0.12445730824891456
2 0.4646842395102418 0.5914441419053024 0.013970590559190097 0.06071165174061275
2 0.75069303389471 0.6052421796122968 0.025612744660235495 0.09520703833406889
2 0.7514691224486608 0.6066221297958326 0.02173201170260583 0.09382700819813077
2 0.7198220027951934 0.5798891558853319 0.006359738690122612 0.029158100193310686
2 0.7275206338411312 0.5795916242507063 0.005020846334307265 0.027372910385557035
2 0.8472454146613976 0.5845556297586404 0.0066814545146397465 0.031065897959595575
2 0.8527704628690015 0.5827282239963111 0.004882599771223113 0.03472070948425404
2 0.861379257202474 0.5932358071297038 0.005139578706550765 0.046598846939393326
2 0.8693455981582869 0.5932358071297033 0.010793127362438122 0.04385773829589962
2 0.8901608979591582 0.5973474700949444 0.008737283801136187 0.04842625270172256
2 0.9015964567380169 0.5987180244166912 0.014133849129448338 0.03746181812774758
1 0.8099834701369665 0.5829566497166022 0.015418736119652152 0.022385720588532082
1 0.7782465716240158 0.58249979827602 0.016189672925634682 0.02695423499435485
1 0.7923804130670302 0.5783881353107795 0.010536136348429039 0.012334988895721679
1 0.626372010413853 0.5893525698847544 0.04497133454549597 0.041573481092988175
1 0.6676171399655111 0.5829566497166023 0.028781640756684226 0.04065977821182365
1 0.6874045179857313 0.5820429468354377 0.009251241671791349 0.03700496668716525
1 0.6985831016724794 0.5799871153528174 0.011564052089739364 0.03197960084076008
1 0.7106611116328736 0.5781597095904882 0.010536136348429039 0.0347207094842539
0 0.8800102228763181 0.6028296873819318 0.009508234881924446 0.035634412365418484
1 0.04698237165516685 0.6510738597900279 0.0939647433103337 0.17949924740027853
1 0.12869083661741906 0.5758501867465586 0.035601563670674345 0.04980325939429699
0 0.24045636176308996 0.6111274954841854 0.011672638920538355 0.05602866681858409
0 0.2515453687376014 0.6111274954841855 0.010505375028484493 0.05187839520239265
