1 0.04996827411167512 0.6451776649746193 0.09993654822335024 0.17360406091370556
1 0.13562817258883247 0.5736040609137055 0.03369289340101522 0.04263959390862944
1 0.6287436117469705 0.5873096446700511 0.04682749731824125 0.0517766497461929
1 0.6664339553290932 0.5847716707355596 0.02626903553299499 0.046700507614213294
1 0.6884200742570745 0.5802030456852788 0.009708168818717932 0.04974619289340103
1 0.700983502538071 0.5781725888324872 0.010850253807106611 0.04974619289340104
1 0.7146890862944162 0.5776649746192892 0.011992385786802088 0.03451776649746194
1 0.7472398477157359 0.5761421319796953 0.018845177664974528 0.03147208121827411
1 0.785501269035533 0.580203045685279 0.019987309644670007 0.0335025380710659
1 0.8106281960844858 0.583248767388779 0.014276649746192902 0.0274111675126904
0 0.25555203045685276 0.6111675126903553 0.018845177664974636 0.054822335025380725
0 0.8865799492385785 0.6065989847715736 0.01541878172588838 0.037563451776649756
2 0.16189720812182742 0.5974619289340101 0.015418781725888344 0.11065989847715735
2 0.20130076142131975 0.5989847715736041 0.02569796954314718 0.1279187817258884
2 0.22385786802030455 0.5898477157360404 0.013705583756345164 0.10355329949238573
2 0.24555446582669507 0.5908675815643883 0.020558375634517817 0.11370558375634524
2 0.49996827411167516 0.5832487309644669 0.016560913705583786 0.06192893401015226
2 0.8271890001436876 0.6137055716149078 0.01884517766497467 0.09847715736040605
2 0.813483502538071 0.6365482233502537 0.010850253807106611 0.06903553299492388
2 0.8500317258883249 0.5802030456852791 0.006281725888324843 0.03959390862944168
2 0.8574555837563451 0.5822335025380709 0.005139593908629507 0.04162436548223354
2 0.8651649746192893 0.5913705583756346 0.010279187817258872 0.055837563451776685
2 0.8745875634517765 0.5898477157360406 0.008565989847715656 0.05888324873096451
2 0.8925761421319797 0.5934010152284263 0.014847715736040499 0.055837563451776616
2 0.9059961928934009 0.6010152284263959 0.01770304568527919 0.040609137055837435
0 0.24300038174178568 0.6316262275924689 0.011964978062525491 0.04659329014545193
