1 0.048842257597684506 0.6410998552821997 0.09605643994211287 0.1736613603473227
1 0.12373371924746744 0.5658465991316932 0.026049204052098426 0.037626628075253236
2 0.14245658465991315 0.5810419681620839 0.013024602026049213 0.1027496382054992
2 0.18030930537631507 0.5998552821997104 0.02523522426907745 0.1201157742402316
2 0.19862515920589766 0.5955137691550252 0.026049204052098388 0.12590448625180906
0 0.23436246597385452 0.6033928447166506 0.03380090981700008 0.05813128814964558
0 0.24731310681408922 0.6040981684566171 0.02713090634086999 0.047702692467463594
0 0.5234678216007257 0.8617182167440821 0.1814914670315227 0.2765635665118344
2 0.54710684067412 0.7396115752867058 0.13105787617870093 0.48804284746340926
1 0.6676954725407307 0.5803768382843715 0.03257051085564541 0.03998073290216794
1 0.6885440587254636 0.5788711129887633 0.010263418064251083 0.029975697203527222
1 0.6999071303530598 0.5782194107584756 0.012462744725613125 0.029975678323891645
1 0.7118200181810469 0.5769161006960772 0.010629968709403102 0.02345924128971696
1 0.732346870588443 0.5798485152971098 0.021626488063957935 0.02671746924662223
1 0.7902618725224317 0.574309527770371 0.012829272580313784 0.016942785375906766
1 0.8128047371992692 0.5772419329315857 0.013928924515769553 0.020201013332811827
2 0.9200223415318305 0.6931073715474996 0.052061352922141 0.2429531488939646
2 0.9815678017360008 0.6808150991332215 0.03686439652799708 0.27332229250571016
2 0.8695879034048059 0.5969384167769719 0.008134592038860546 0.039046041786530025
0 0.8781292105949826 0.6041691652559591 0.005694214427202269 0.027476844220150697
