1 0.04884248897211316 0.6389301888877416 0.09768497794422631 0.16932202755840767
1 0.13065305714993333 0.568017429028028 0.0203508755916438 0.036179450072358885
1 0.49534186326615476 0.6396525619773176 0.20432350935770502 0.1968164389976079
1 0.681756512301013 0.5984081041968161 0.07407742402315493 0.08827785817655574
1 0.7476935600578871 0.5824891461649783 0.03337554269175115 0.05065123010130243
1 0.7761225130285143 0.5795947901591899 0.017219518081900337 0.01591895803183796
2 0.14449166426558155 0.5832127351664255 0.013838683035382694 0.09840810419681613
2 0.20350940665701878 0.5868306801736614 0.013024602026049159 0.09985528219971052
0 0.23688494934876986 0.5962373371924747 0.03418958031837913 0.06946454413892908
0 0.24583936324167874 0.5984081041968161 0.03256150506512302 0.053545586107091196
0 0.8055810437143114 0.5886850102612188 0.01014254519948068 0.022038122902575383
0 0.8885996544211724 0.6017075374309223 0.004132148044232764 0.036062382931487134
2 0.8053932188032101 0.5739929283261685 0.00901559573287173 0.028716341963961868
2 0.8730101867997482 0.5940275855103279 0.012020794310495403 0.06077179345861694
2 0.882777082177026 0.5880171883550801 0.005259097510842139 0.059436149646339656
1 0.7926211248483085 0.5739929283261683 0.012772093954901465 0.01803119146574346
1 0.8160992387359954 0.5779998597630004 0.008639945910668842 0.019366835278020814
