1 0.04965629522431259 0.650506512301013 0.09931259044862518 0.18089725036179452
1 0.13757235890014471 0.5759768451519537 0.034189580318379174 0.05788712011577424
2 0.1611794500723589 0.58972503617945 0.009768451519536895 0.09696092619392183
2 0.18193740955137477 0.5984081041968162 0.033375542691751116 0.14327062228654128
2 0.2230463096960926 0.5933429811866859 0.021164978292329904 0.10419681620839355
2 0.26212011577424016 0.5911722141823443 0.017908827785817677 0.12011577424023151
0 0.2442519302338086 0.6105570015146844 0.016603887922870656 0.0699111070436662
2 0.5070739982760911 0.5860881140494013 0.014419165827756118 0.05515209555666985
2 0.846361319109854 0.6194901436780893 0.01485611024677894 0.10642024072202502
2 0.8384963401049706 0.6424053947234657 0.009612777218503937 0.04505382453925158
2 0.8583773111705133 0.5814273735798235 0.005680277447297897 0.038062713834885076
2 0.8677716161795059 0.5911372495581105 0.009612777218503937 0.05282172532188106
2 0.8771659211884986 0.5911372495581105 0.00742805512338947 0.05748246579145892
0 0.88481242798387 0.60356579516257 0.013108332570687371 0.03728579997718357
2 0.8928959202733234 0.5934676197928993 0.01354527698971026 0.055928885634932896
2 0.9081889749391254 0.6000703354581345 0.01354527698971026 0.047384194774040364
2 0.7316634296538683 0.5748247479359979 0.010923610475572759 0.020196361992017523
1 0.6307292688595755 0.5876416942059272 0.045005275159359995 0.052044935243618085
1 0.6691803777335917 0.5814273735798235 0.030149164912580916 0.038062713834885076
1 0.6901537163813599 0.5794853983841662 0.010923623544909949 0.03573234360009601
1 0.7015142722094798 0.5790970033450346 0.010049736573911864 0.03340197336530713
1 0.7120009233296449 0.5794854771528994 0.010049721637526971 0.04039308406967379
1 0.7508889840908766 0.573659472797194 0.01441916582775633 0.027187652739203542
1 0.7875923152888014 0.5771550281493772 0.014419165827756047 0.0233037023478888
1 0.8107503694970157 0.5825925586972179 0.013545276989710402 0.024857282504414543
