1 0.047214182344428354 0.6403762662807524 0.08954413892908826 0.17221418234442828
1 0.15344609261939215 0.5687409551374819 0.023607091172214167 0.04630969609261946
2 0.11437228654124457 0.5759768451519537 0.017094790159189587 0.06367583212735156
2 0.13675832127351664 0.5817655571635311 0.011396526772793045 0.09261939218523885
2 0.19637923672277866 0.5845923951713725 0.018722771416583964 0.09840810419681605
2 0.3937649249601389 0.5851943720064986 0.021607619753512067 0.08500029984451944
2 0.4100855710123318 0.5892809248836387 0.019308941927082747 0.08336567869366326
2 0.6247828530037958 0.5737520239505056 0.009194743973565806 0.04576939222397194
2 0.6130595544374993 0.5713000922242215 0.011493429966957222 0.047404013374828156
0 0.23355981924703798 0.6031721586984752 0.03404648032308724 0.05516389887877993
0 0.23980882595729924 0.6050875940515158 0.03189157544804063 0.04060675889687984
0 0.911867052181949 0.6477927291945633 0.02887485331936162 0.08197968305596476
2 0.8579959959359925 0.6412803244658178 0.0443898223733139 0.1700886882095717
2 0.9028167250221492 0.6205938623862759 0.037494212519170844 0.14097440824577134
1 0.6635936719305897 0.5744196531894808 0.03620599257157806 0.03835965991870879
1 0.6869995661182764 0.5779956290371885 0.011337229997160848 0.027306876552301275
1 0.6972396448253895 0.5783206355540953 0.011337229997160705 0.02925736773460862
1 0.7096740261125981 0.5776704718266596 0.012800098383891196 0.026656712824865494
1 0.7447828673941282 0.5698685070974305 0.012800098383891196 0.01625409318589355
1 0.786108899319263 0.5744196531894808 0.01718870354408267 0.02015507555050803
1 0.809149076410267 0.5802711267364026 0.014994400963986862 0.02275573046025116
