1 0.04517908827785817 0.638205499276411 0.09035817655571635 0.16787264833574533
1 0.15449365584922223 0.5713765043107665 0.01812723588263035 0.04725435514366628
2 0.11237199302936615 0.5761509455571446 0.013538807090749809 0.0691982858893698
2 0.137418766906552 0.585477697196534 0.014215734818577042 0.09988622137074268
2 0.1981741112653171 0.5875837058345186 0.014554207701569432 0.09447070334461798
2 0.39380970597178716 0.5842742138796809 0.017938882417020588 0.08303794306724382
2 0.4083639061574577 0.5848759468214563 0.017261963708272106 0.08063104616674402
0 0.22829793178881488 0.6023259101251517 0.03147769852684917 0.05054496566025887
0 0.2420059617924428 0.6056354325882672 0.026400650377357344 0.04753621378487139
1 0.6644594207294847 0.5789153915990934 0.03287497022552841 0.03633029742640972
1 0.6869684225056254 0.5773358134501188 0.009773666103291882 0.033171141128461125
1 0.6974824856137591 0.5752297092514864 0.010069829114270767 0.030011984830512404
1 0.7088850601153645 0.5749664462266568 0.012735383024573364 0.02843240668153803
1 0.7439813081669113 0.5725970790031961 0.012439177923172905 0.016322307539401493
1 0.7855933200289539 0.5749664462266577 0.01332769063197091 0.018954937787692003
1 0.8079542232003719 0.5794419176487515 0.015993228758365206 0.020534515936666296
2 0.8575886396526772 0.6410998552821997 0.046400144717800344 0.18234442836468887
0 0.9149782923299565 0.6439942532159839 0.022793053545586167 0.07814769601228642
2 0.9027677279305354 0.6208393632416788 0.034189580318379174 0.15050651230101308
