1 0.04822792869269949 0.6578947368421052 0.09645585738539898 0.18845500848896435
2 0.11460101867572156 0.5899830220713073 0.02101018675721562 0.07979626485568758
2 0.16420266409174203 0.5984719864176565 0.026857919815093095 0.1035653650254667
2 0.2203789232140253 0.595562353779413 0.01638742644965565 0.10014514600444173
1 0.13332093636640996 0.5821338001106358 0.03533531375213165 0.04688613653844327
0 0.2378731626912367 0.6142994296954318 0.017411618038264815 0.05781106155710966
0 0.24657896567080165 0.6140718270908744 0.015875269588614925 0.05553503551155421
2 0.38036662501642643 0.5944980030990991 0.016643445826629664 0.09923473558621958
2 0.4104528315559152 0.5942704004945432 0.014338978850387017 0.06691516573933158
2 0.6602324769719811 0.5985948499810969 0.011522388566255077 0.08739940014933122
2 0.6690662829294025 0.5976844395628776 0.010754259302654341 0.0855785829922035
1 0.6260493852998993 0.5901735542257623 0.04506537341342077 0.04324449609199324
1 0.6761077666924871 0.5819798610749809 0.011522391250507288 0.03960285564554302
1 0.6867339377922793 0.5835730780804312 0.00921794709040889 0.030043543801332704
1 0.6969760791555482 0.580386641616653 0.011778441496379936 0.031864364637776935
1 0.7087545139412984 0.5778830144995907 0.012802653216879949 0.035050804167651585
1 0.744811032846536 0.5756044342205694 0.011636379446632077 0.02011226077195708
1 0.7630736695213274 0.5845112925624361 0.029414210181332442 0.041373793588025835
1 0.8081646542782007 0.5833620205183242 0.01745456916994854 0.025283984970460197
1 0.7840838134789201 0.5781902963198209 0.011313146684225757 0.020686896794012952
1 0.7921646325390813 0.5776156602977651 0.004848491436096935 0.01838835270578933
2 0.8310314321469895 0.5821062903426426 0.004525258673690331 0.02988107314690758
2 0.8473546866485154 0.5838301984088103 0.005494956960909719 0.03332888927924309
2 0.8526880272282219 0.5783711561992791 0.003232327624064624 0.023560076904292584
2 0.8570516695207087 0.5898638778015591 0.007434353535348348 0.0430976993318696
2 0.8647396739177166 0.5902974843319434 0.008169160469995945 0.044173978837756776
2 0.8890769618083652 0.5981640833030529 0.011573004094645147 0.053855946802196755
2 0.9005648504098347 0.5986179275893299 0.014466243967409843 0.03842531035887073
0 0.8795462696869747 0.60300506402456 0.012594137556462676 0.03630738638807273
2 0.7249716764926931 0.5791523857609485 0.005429553616508827 0.0215498562143609
2 0.7204260036974764 0.5743261158796074 0.003661791973924551 0.018182691180866895
