1 0.04472553362585838 0.6398664465860352 0.08945106725171675 0.1665640562618173
1 0.16290118928383762 0.5726924650483476 0.04588222846100989 0.05689224966967423
1 0.6622077931242393 0.5757769846087517 0.03200189043919167 0.03838513230725006
1 0.6828355228214427 0.5785187797735549 0.010024698845316022 0.030159746812839273
1 0.6932457712008032 0.5754344240498205 0.010795818461414206 0.03358731844218429
1 0.7053910669698957 0.5764624333999525 0.013494773076767502 0.0260470540656339
1 0.7424053016947441 0.570636118674745 0.011952513296565428 0.018507117362424167
1 0.784046329458869 0.5737206034819142 0.01657926523982963 0.020563394229560883
1 0.8056379526830267 0.576805157795553 0.013494773076767642 0.021248912527227687
2 0.1231044400069219 0.5809480501332723 0.013380765956274967 0.0916538740011513
2 0.1351077566955309 0.5826971800013038 0.00905169461748013 0.09375281768056709
2 0.1927631333675298 0.5847961135455343 0.030697051311454296 0.09795070503939826
2 0.42554907959565114 0.5872448811715192 0.019284097488779992 0.07906021192465733
2 0.43892987176900006 0.5865452332783808 0.016135629535508046 0.07346302877954891
2 0.6047028354244963 0.5713675716515703 0.00736277300917954 0.042633907707937076
2 0.6143796152005154 0.5726765074145338 0.008624951723809601 0.037772146302646095
0 0.9049828891922347 0.6406185777734809 0.027054618038639545 0.07011745719251124
0 0.873690789277436 0.6041111497784551 0.01206049237867063 0.030712605216554466
2 0.8487549237578246 0.6270007329115456 0.03389987238070063 0.1460297455579566
2 0.8582077160515377 0.6496004821468959 0.008474940590417219 0.017384493518804334
2 0.8701052374891828 0.5832497575558899 0.014016247899536012 0.045779166266185174
2 0.8916185337425148 0.615411070565678 0.02901037355950479 0.12285042086621813
0 0.22881616482319111 0.600651526294602 0.03377641137132737 0.05786357102704633
0 0.23741375441067578 0.6036538873631357 0.031934014055455075 0.04858340500531497
