1 0.04854060913705583 0.6375634517766496 0.09593908629441623 0.1725888324873096
1 0.13819796954314717 0.563959390862944 0.01941624365482234 0.04162436548223347
1 0.5182423857868019 0.5969543147208121 0.10450507614213195 0.0893401015228426
1 0.6638966031527144 0.5832290297223742 0.03291897480888885 0.03045685279187812
1 0.6870859321504298 0.5790213340423381 0.009215400493563732 0.02537735666537844
1 0.6972047379506529 0.5772545560466471 0.009215373234277879 0.02891091265676037
1 0.7081366668865229 0.5783788693166326 0.010841592246285217 0.02280749776255547
1 0.7861057844577233 0.5750059295066773 0.015358922348904116 0.017989012319761882
1 0.8076986223482413 0.58030626349375 0.014455456328380053 0.022807497762555327
2 0.11022285450389868 0.5750059295066773 0.009396046613447097 0.06553140202199004
2 0.11708901535734416 0.5894614088853704 0.03939140595639779 0.13170526876968536
2 0.18665607984020874 0.5955648007292624 0.023851502941827255 0.11757104480415861
2 0.16099752714678023 0.596528505501255 0.03650026760650025 0.12078336843268672
2 0.14925253950630354 0.5782182531352047 0.01770802817070817 0.09829710303298471
2 0.21764496434417369 0.5812699605823087 0.01355199030785638 0.09604847649301476
2 0.5950227211169481 0.5767727075023682 0.008311887388818632 0.04143897480802316
2 0.6086650580268568 0.5758090104138095 0.008131194184713806 0.03951158063090588
2 0.6342331464076792 0.5761302427766624 0.005782182531351978 0.03886911590520001
2 0.6422739939903407 0.575648394232383 0.00849258059292346 0.03597802463952391
2 0.8457345418122914 0.584321668029411 0.005962875735456805 0.046257460250816396
2 0.8296528466469685 0.5878552240207929 0.006324262143666317 0.04561499552511073
2 0.9033756739217074 0.5852853651179699 0.012467831083227878 0.034693095188112366
2 0.8875649541315012 0.6382887049886954 0.03505461045840047 0.1355600571239202
0 0.8502518719149103 0.5941192550964245 0.0037945572861998755 0.030517074471024797
0 0.2367081023334589 0.5984558766280612 0.020237638859732208 0.05460950168499181
0 0.25089251389944806 0.6011863670791879 0.014274763124275402 0.050433480967904176
