1 0.053319464544138925 0.6389290882778582 0.1050108538350217 0.175108538350217
1 0.12698986975397972 0.5658465991316932 0.02604920405209841 0.04341534008683062
2 0.041515933418933636 0.5354558610709116 0.014652648357501762 0.02894356005788715
2 0.05861073080857408 0.5405209840810424 0.01790890009032657 0.041968162083936285
2 0.14611972144271046 0.5824891671289761 0.02035099127885811 0.09406657018813308
2 0.20188133140376266 0.5846599131693198 0.021164978292329977 0.0955137481910274
0 0.2348498552821997 0.6013024602026049 0.03011939218523878 0.05065123010130243
0 0.24710266670817127 0.5987297266372483 0.024134805522108387 0.04879542380068969
1 0.41393829944074656 0.6924751984848941 0.31014866834603766 0.25615155471219087
1 0.6609247632950347 0.5757666817338353 0.02264556125707241 0.038047038767483235
1 0.6898968885672936 0.5830926178257889 0.03337554269175099 0.03786686275652716
2 0.6291952094004016 0.5731684029549193 0.009892187818458993 0.043039694368032004
2 0.8066325894596262 0.6040624941833622 0.030775083328812833 0.12382044984200982
0 0.8127066807762436 0.6486954678901118 0.02510603597813997 0.09214545104521647
2 0.871369381803498 0.5883070989433462 0.006856412716204404 0.06094589081070624
2 0.8877037875509401 0.589024109423472 0.0120995518521255 0.060945890810706234
0 0.8786291236618462 0.5990622561452354 0.005243139135920814 0.039435576406927665
2 0.8340624410065172 0.5872315832231572 0.0169393725929757 0.05736083841007634
2 0.9773429652863274 0.7363116028266269 0.045314069427345643 0.40444382543104135
1 0.7128655186263936 0.57776572486987 0.012717125208399403 0.02813474978325713
1 0.749745181730752 0.5747512588013438 0.013564933555626055 0.01607695828814947
1 0.7888856670943816 0.5737464489083345 0.013847536338034984 0.017081768181158807
