1 0.05006331403762663 0.6396526772793054 0.0984985528219971 0.1678726483357452
1 0.34840788005283846 0.6866859623733721 0.34352422549869116 0.3053545586107094
1 0.12821092619392183 0.5680173661360348 0.023607091172214184 0.04775687409551374
2 0.1448986758484447 0.581041968162084 0.011396526772793045 0.09985528219971058
2 0.2022883827541057 0.5651230101302462 0.01221049932536311 0.05933429811866866
1 0.6622196092619391 0.6020260492040521 0.09035817655571635 0.10130246020260493
1 0.7415882778581765 0.5868306801736614 0.034189580318379174 0.05065123010130243
1 0.7741497829232995 0.5839363241678726 0.01953690303907365 0.024602026049204043
1 0.7923588187047236 0.5739341635012574 0.011068730296095737 0.0182201321746431
1 0.8157261382187032 0.5797646057971432 0.016808071931108087 0.02550818504450035
2 0.8044524277943556 0.5783069952231714 0.009018958143873853 0.029881016766414695
2 0.883163402430101 0.5866882560235074 0.005739341635012778 0.059762033532829405
2 0.8776290372820533 0.5681037212053716 0.0036895767653652455 0.015304911026700197
2 0.8702498728274607 0.5994423696608827 0.01352846270482165 0.0663212811157007
0 0.8889027440651137 0.5943407115368575 0.007379153530730349 0.04154190135818624
0 0.8046574079226078 0.5892390745279575 0.010248824348236667 0.018220132174643168
