1 0.1359451621466723 0.7467455370953077 0.2718903242933446 0.43415677607195036
2 0.14286360347322719 0.573082489146165 0.017094790159189587 0.09840810419681624
2 0.20066027496382052 0.5882778581765556 0.020350940665701884 0.09696092619392183
1 0.14327062228654114 0.5680172927620424 0.06023878437047756 0.04486266483770939
0 0.23484984805174883 0.5998552821997105 0.030119406646140566 0.06512301013024599
0 0.24461830680173657 0.5991316931982634 0.03337554269175108 0.04630969609261939
1 0.4184152605518709 0.6143270622286543 0.16769191015530333 0.13458755426917504
1 0.6671038350217077 0.5795947901591896 0.025235166425470225 0.030390738060781502
1 0.7106548299701824 0.5984081041968161 0.04884229374993889 0.056439942112879796
1 0.6377905933887523 0.5736901863629403 0.007306431618773388 0.03572033235844728
0 0.7951483442918669 0.6052097549461929 0.014589807335395628 0.04244328151570704
0 0.8844560707002287 0.606781739721564 0.01812681814733324 0.029867494399941918
1 0.7504944830511749 0.5714123270725753 0.012821407957869867 0.01571973389470635
1 0.8132751702931584 0.5780932139778254 0.013705642989447143 0.01807769397891228
2 0.7951483521458251 0.5879180476620169 0.01635834808417883 0.05973498879988405
2 0.8357518618930462 0.5971472860264048 0.007759601515807759 0.05415754802802489
2 0.8634852524958407 0.5884616415313443 0.009196564759475763 0.042917302210887624
2 0.8729692099040502 0.5899944023245902 0.008046994164541132 0.05722306961451686
2 0.8820220783391594 0.5889725617957595 0.007759601515807759 0.059266750672178216
2 0.8915060357473686 0.5917826232500438 0.006610030920873413 0.05364662776360959
