1 0.04240163496966374 0.6363424645481369 0.08272220810032557 0.1683347798659315
1 0.1448939305405074 0.5646614456491825 0.025493007527773292 0.04347106952581747
2 0.1162793044197543 0.5813099403611969 0.013006688162715574 0.09896605189920123
2 0.1235630466907379 0.5512501582422814 0.009885043735259042 0.024047825695133227
2 0.1256441085297398 0.5942587695816541 0.013006636493761886 0.04347106952581761
2 0.1932786182973016 0.5859345222256465 0.015087698332763785 0.1008158846449809
2 0.40112466946761655 0.5808474821747529 0.014567432873013288 0.08139264081429651
2 0.42011435874850883 0.5854720640392016 0.013006636493761903 0.07214347708539925
0 0.2250148113420806 0.6007331841918823 0.02965513120577704 0.0582697314920533
0 0.2463456951918501 0.5984208932596577 0.032776723964279955 0.055494982373383975
1 0.66484375 0.575462962962963 0.024479166666666715 0.03981481481481474
1 0.6794270833333335 0.575925925925926 0.010937500000000142 0.03703703703703695
1 0.6893229166666667 0.5703703703703704 0.0109375 0.03148148148148153
1 0.7013020833333334 0.575925925925926 0.015104166666666714 0.03703703703703695
1 0.7388020833333334 0.5717592592592592 0.017187500000000144 0.02129629629629626
1 0.7796875 0.5736111111111111 0.019791666666666572 0.017592592592592667
1 0.8010416666666665 0.5824074074074074 0.012499999999999858 0.02037037037037031
2 0.8416666666666666 0.5884259259259259 0.011458333333333286 0.052777777777777785
2 0.8622395833333334 0.5902777777777777 0.011979166666666714 0.05648148148148145
2 0.8861979166666667 0.587962962962963 0.0109375 0.057407407407407476
2 0.8966145833333334 0.6180555555555556 0.014062500000000143 0.09351851851851847
2 0.9677083333333334 0.6 0.017708333333333284 0.07222222222222222
2 0.9854166719411976 0.6018518518518515 0.01562501054906247 0.07222222222222222
0 0.8768229166666666 0.6018518518518517 0.009895833333333286 0.04814814814814817
0 0.85 0.5888888888888889 0.008333333333333286 0.03518518518518519
