1 0.043143994211287985 0.6396526772793054 0.08465991316931981 0.1678726483357452
1 0.15035443989183142 0.5646558793858691 0.015766274142113873 0.05065123010130245
2 0.11945228936888322 0.5771217791280155 0.013024602026049194 0.09985528219971053
2 0.12836461361769128 0.5813661622206739 0.00604341645970841 0.07754317575502001
2 0.1367728452138071 0.5867377902227684 0.01129857987819476 0.06306173697086974
2 0.19484220400993985 0.5846357323237388 0.012875104631552538 0.09716178733289553
0 0.22545340466056818 0.5995837131393571 0.03205640396497075 0.05698912526256392
0 0.23714611922789827 0.6014521955159708 0.027589509924755548 0.050449389576695654
2 0.5017349447744821 0.5771317081119243 0.011298561207280783 0.06866722470161371
2 0.5136903990752093 0.5785330462105344 0.0073572026466014505 0.05465350537475373
2 0.5578336149548181 0.5757303023451624 0.004729630272815157 0.04624527377863771
2 0.5657163180729916 0.5768981190558826 0.00735720264660145 0.04764664571132364
2 0.6388942226861236 0.5724604345022284 0.005517901984951124 0.03596854627227373
1 0.6607030652200251 0.5768981122890683 0.03179363739213449 0.03736991820495984
1 0.6819864189516764 0.5773652701007063 0.010247550928679383 0.032698746097490926
1 0.693022226422374 0.5743289304124773 0.011298586879786859 0.032231554451777854
1 0.7055032010325195 0.57479605439004 0.013663413685514925 0.02942881058640594
1 0.7413695452637868 0.5717597485358853 0.013400619106309932 0.017750711147355814
1 0.7813086453453377 0.5747960543900382 0.015502677005338797 0.01821783512491791
1 0.8039057677598993 0.5773652362666293 0.014977162530581581 0.019619207057603987
2 0.8435820919331576 0.592780313992545 0.012349590156795359 0.06820010072405168
2 0.8530413711497019 0.5733946824573523 0.006043416459708339 0.023823322855661928
0 0.8558003221421774 0.6009549971335102 0.009459260545630314 0.027560314676157844
0 0.8759012508016422 0.5990865012232621 0.012875104631552574 0.038771290137645804
2 0.8664419902560117 0.5892768976944602 0.006043416459708339 0.059324745150373774
2 0.8832584534482436 0.5860070298515262 0.012875104631552574 0.0649302328811175
2 0.9061183331001836 0.6018892450886342 0.014451648055824223 0.07894395220797769
