1 0.04924927641099855 0.638205499276411 0.09687047756874095 0.17655571635311135
2 0.1396074529667149 0.5824891461649783 0.015466714905933418 0.09696092619392183
2 0.2026953907217434 0.58465991316932 0.01953685965636847 0.09551374819102745
1 0.14245660996649132 0.5701881331403761 0.05535450799755288 0.04052098408104192
0 0.2355928691591275 0.5997506954563159 0.030610278670731406 0.05804613057442499
0 0.24661255157231937 0.6030157903011275 0.02408003460376664 0.05006478762044155
1 0.5676772485979861 0.6147948162005425 0.15164859779203713 0.16546737264929312
1 0.6687762342097864 0.5791335622777808 0.032897211280865264 0.03994024567432973
1 0.7413908103297452 0.5912582797146309 0.033699582287715656 0.0356609336377943
1 0.7895330707407675 0.5748542502412454 0.011233194095905362 0.017117248146141222
1 0.8128018299394284 0.5762806875867572 0.011233194095905362 0.019970122837164938
0 0.803173377857224 0.602669778478725 0.016047420137007436 0.029955184255747298
0 0.8898294465970642 0.6033829971514809 0.01444267812330679 0.03138162160125901
2 0.8015686358435232 0.5812732182960484 0.01444267812330665 0.04421955771086502
2 0.8337067776715464 0.5842275192044482 0.007842258602957486 0.04912822320582855
2 0.8506983379779541 0.5915303631945038 0.010456344803943267 0.05842275192044475
2 0.8645156507545935 0.586219203929009 0.006721935945391948 0.037178114858464895
2 0.8742251137868265 0.5898706259240367 0.008215699488812477 0.05510327737951044
2 0.8828142541614941 0.5918623106485972 0.0067219359453922324 0.06041443664500548
1 0.6908791139957136 0.5788511317883644 0.01086443210000409 0.033946862525800765
1 0.7024019892154054 0.5765099577456977 0.009547540012137229 0.030435042111795877
1 0.7144187051820707 0.5776805956384636 0.012510558175762299 0.02926446356903469
