1 0.04843523878437047 0.6360347322720695 0.09687047756874094 0.17221418234442837
1 0.1253617945007236 0.5665701881331404 0.022793053545586126 0.04196816208393635
1 0.7049565846599131 0.5955137481910274 0.05535455861070915 0.07091172214182351
1 0.7448444283646887 0.5839363241678726 0.027677279305354574 0.05354558610709113
1 0.7672304630969609 0.5781476121562952 0.010582489146164989 0.03617945007235889
1 0.7822901591895802 0.5759768451519537 0.011396526772793151 0.023154848046309694
1 0.8136306078147613 0.5795947901591896 0.0154667149059334 0.024602026049204112
0 0.23550075351856825 0.6019412265018009 0.0317989503350109 0.05653146726224143
0 0.24625628083776305 0.6060979520357893 0.02899316059956874 0.04821801619426481
1 0.6645527589227248 0.5774165578942363 0.023849254287268452 0.040736030662755655
0 0.7987148113558606 0.5852669551855592 0.010287895696621235 0.01995228256314398
0 0.8941116748216956 0.606050643070336 0.01309374358247766 0.033253804271906766
2 0.8536615270082691 0.5902550258263453 0.009820264074047458 0.07149567918459958
2 0.8763416316278858 0.597737035443788 0.017770001657800093 0.07648374982538562
2 0.88990297775773 0.5811102296515709 0.005611579470884322 0.04655532598066941
2 0.6214824264004316 0.5769534137953297 0.005611579470884313 0.04156707469537798
2 0.6277954533051774 0.573212451136993 0.007949737583752708 0.03408514937870443
2 0.6345761118324958 0.5748751413505883 0.005611579470884322 0.0257716983107278
2 0.14379672394140933 0.5848512826321604 0.011690790564342244 0.10225544813611342
2 0.20154922932925973 0.5823572954836354 0.013093685432063275 0.1005926615787816
