1 0.04843523878437047 0.6374819102749637 0.09687047756874094 0.1664254703328509
1 0.12821092619392183 0.565123010130246 0.023607091172214184 0.04196816208393628
2 0.14571273516642547 0.5795947901591896 0.011396526772793045 0.0969609261939219
2 0.20066027496382052 0.5890014471780028 0.013838639652677287 0.09840810419681624
0 0.23403581765557163 0.5969609261939218 0.03174746743849493 0.07091172214182336
0 0.24746741318835672 0.5984081041968164 0.03256145445196674 0.056439942112879816
1 0.5392999276410998 0.6280752532561505 0.17339001447177999 0.16787264833574525
1 0.6923390014471777 0.5947901591895802 0.07082127351664255 0.07525325615050647
1 0.7483120916666631 0.58266767709621 0.030933429811866798 0.040520984081042
1 0.776221115888224 0.5787015536717739 0.019282534231853676 0.02255267161620324
1 0.8175770774644365 0.579603660536422 0.011671007561385238 0.02435688534549939
2 0.8048911996803221 0.572837859051561 0.010656137338655896 0.025258992210147612
2 0.8746635274929508 0.5989989581263567 0.012178442672749838 0.07036433544255395
2 0.883797359497513 0.5899778894798756 0.0050743511136458605 0.05593062560818389
0 0.8886179930554766 0.6030584390172734 0.013700748006843497 0.022552671616203383
0 0.8053986122559678 0.5886247814550258 0.009641267115926978 0.02074845788690709
