1 0.04425761421319795 0.6360406091370558 0.0873730964467005 0.181725888324873
1 0.1464784299405697 0.5639593180143199 0.021129505427716955 0.045685279187817306
1 0.7366751269035532 0.5700507614213197 0.01484771573604064 0.011167512690355324
1 0.7783629441624365 0.5771573604060913 0.01484771573604064 0.019289340101522823
1 0.8003489847715736 0.5791878172588832 0.01770304568527919 0.02335025380710654
2 0.11335659898477156 0.5695431472081217 0.006281725888324878 0.0873096446700508
2 0.12734771573604062 0.5888324873096445 0.007994923857868041 0.0527918781725888
2 0.12306472081218273 0.5766497461928934 0.018845177664974636 0.08527918781725895
2 0.35006345177664966 0.5852791878172589 0.018274111675126933 0.10253807106598983
2 0.3726205583756345 0.584263959390863 0.02569796954314718 0.08223350253807105
2 0.19130710659898476 0.5822335025380709 0.019416243654822304 0.09644670050761427
2 0.5687817258883249 0.5776649746192892 0.013705583756345235 0.06497461928934001
2 0.8401725225942908 0.5839622461508602 0.008657321692809035 0.057419501142051035
2 0.8235238270311959 0.5886978751110294 0.011321112982904396 0.05978731562213568
2 0.8686417920071827 0.5875139678709871 0.015649773829308912 0.044396521501585795
2 0.8827930964309237 0.617999628857598 0.019312486853189908 0.09944820816355254
2 0.9442268698636326 0.5946174113112409 0.010988139071642564 0.07636201698272785
2 0.9585447480478941 0.5946174113112409 0.01764761729688047 0.07636201698272785
0 0.8462051537796961 0.5986996889349807 0.007884162403810678 0.03557980982232465
0 0.22308132929127664 0.5978486226205761 0.0333561419774131 0.060737251110837054
0 0.24269069143011784 0.6028801108782788 0.012735954652309367 0.04779913844817358
