1 0.04395803183791606 0.6367583212735166 0.08303183791606367 0.17366136034732263
1 0.14489870115502287 0.5665702405431348 0.030933422581415945 0.03617934525236995
2 0.12043353328048684 0.5812850134888936 0.015364001806188778 0.09192115851072268
2 0.12575184462610361 0.556334931487022 0.00590921733283217 0.01680844041338922
2 0.1285587228591989 0.5912649717210965 0.007386521666040231 0.053051640054759944
2 0.19252600048710722 0.5823354877514835 0.013591199865513985 0.10032537871741731
0 0.22458350058120488 0.5999318238092506 0.02984155540383644 0.06198112402437304
0 0.23551552377915336 0.5996691919277911 0.029250560188902743 0.05830427768394407
2 0.5238521165555724 0.574901188514206 0.00886382599924815 0.05935480520978089
2 0.5331591338547831 0.5922348926905137 0.0056137564661904804 0.03204108953802333
2 0.5528072814864501 0.5693859190035626 0.005318295599548861 0.02836424319759445
2 0.6055346787419221 0.5723287260005958 0.009294285102758905 0.04235250223070693
1 0.6608249062378762 0.5785118041681233 0.0304526968289206 0.035870645658089145
1 0.6804416863250153 0.57701719393237 0.01027546362453445 0.03022434032301962
1 0.6916512680714573 0.576186854912507 0.010649126140051333 0.028563662283293382
1 0.703981810813574 0.5745261768727807 0.012891058087978831 0.027899391067402877
1 0.7398320666980917 0.5717714490777845 0.01270418700390664 0.016274644789318272
1 0.7798128905045035 0.5739303305294289 0.014572449798598796 0.017271051613154
1 0.802138621774211 0.5800748777672724 0.01625389792982948 0.018267458436989927
2 0.836608079463145 0.5908692465346376 0.005604788384076329 0.06443430794138258
2 0.8473505905326248 0.5961834162617619 0.011396403047622102 0.0730698337479597
2 0.8547302285716589 0.5895407041028565 0.005978440943014789 0.05912013821425823
2 0.8652859133616695 0.5892086021744108 0.007286224899299326 0.052477426055352855
2 0.877616444487778 0.5862193287779752 0.014759276078067955 0.06177722307782041
2 0.8960188363343553 0.6001690435571052 0.00971496653239896 0.07373410496385034
0 0.8594942986981241 0.6034903996365578 0.007286224899299327 0.03122074714685546
0 0.8735996827980498 0.6043207386564211 0.007846703737707088 0.03155288275480068
