1 0.04965629522431258 0.6497829232995659 0.09442836468885671 0.17945007235890023
1 0.13390918958031836 0.5738060781476122 0.03825976845151953 0.04775687409551374
2 0.16077243125904483 0.597684515195369 0.010582489146164971 0.10998552821997108
2 0.2022883102160046 0.6034732481709443 0.03500359359652869 0.1244571405369323
2 0.23557949366934597 0.5925151248260281 0.012210564399421173 0.12011577424023151
2 0.22223227206946455 0.5861070911722142 0.011396526772793045 0.09551374819102755
0 0.24625267203915902 0.6130298284165022 0.006798386651387815 0.04834408285431351
0 0.254939495392423 0.6120226600237038 0.00830914730982577 0.054387093211102557
2 0.4971255127970011 0.5863062193709168 0.010563653055609877 0.06685618644972656
2 0.8277678534375906 0.6171051367241617 0.019437121622322025 0.09540152448444146
2 0.8117111007930634 0.6156027505118082 0.00929601468893665 0.09690391069679472
2 0.5976914898864073 0.582174657286945 0.006338191833365841 0.04507158637060229
1 0.6287486199395144 0.5896865883487118 0.04478990881655716 0.04657397258295566
1 0.6695243234424555 0.582550253840033 0.030845881366577912 0.04732516568913223
1 0.6891727253479887 0.5802966745215031 0.007605844644236418 0.03680846220265849
1 0.6988912861591501 0.5799210779684149 0.00929601468893665 0.03605726909648176
1 0.7109338533508323 0.5791698848622381 0.01225384296108161 0.03455488288412831
1 0.748963001642741 0.5750383227782662 0.01225383754450732 0.021784600079124417
1 0.7844568759095901 0.5799210779684146 0.01985966774454667 0.030047724247068145
2 0.9055909979971551 0.6008245477209325 0.013775067524173935 0.0380001470800308
2 0.8937159591384767 0.5966022724581661 0.014725056993512026 0.05151131048626411
2 0.8659283515862041 0.5923800705920372 0.010450040447008604 0.04982241506048503
2 0.8775658966294635 0.5911133990227029 0.009975038608507987 0.05066686277337468
2 0.8500157899964411 0.5818244741809177 0.007125027577505705 0.038844594792920475
2 0.8573783184931972 0.5835133696066968 0.006650025739005372 0.037155699367141394
0 0.8830284228463833 0.6025134431467122 0.009500046918338143 0.034622356228472526
