1 0.049656290006781456 0.6396526772793052 0.09931258001356291 0.1736613603473227
1 0.13350217076700432 0.5680173661360347 0.03744573082489145 0.05065123010130243
1 0.6059076241604334 0.5889447094702414 0.054492762772458576 0.05689544190704687
1 0.6664551300361378 0.5793339929318891 0.035463560658352995 0.0407494381226145
1 0.6906741569645723 0.5781807069472865 0.010379599733159973 0.03844286615340977
1 0.7006212356458974 0.5762585636396161 0.008649644884517329 0.03459857953806896
1 0.7116495328736567 0.5762585636396161 0.009082127128743168 0.03459857953806896
1 0.7905775424448767 0.5777962782857524 0.014704396303679345 0.025372291661250657
1 0.8102554845571536 0.5820249935626276 0.016001843036357002 0.01999029039977316
2 0.8472327164384648 0.5808717075780252 0.008649644884517329 0.04074943812261466
2 0.8647482473296122 0.5954799967163211 0.012541985082550014 0.05920201387625134
2 0.8757765380894369 0.5931734247471168 0.009514622308838792 0.0668905871069333
2 0.890264690499031 0.5812561139640366 0.007352198151839672 0.023065719692046044
2 0.9006442181609168 0.6585262860701523 0.04022090415244641 0.17299289769034482
0 0.8541524323460785 0.5947111393932528 0.0025948934653551702 0.031523150245796216
0 0.8846424305640019 0.6093194285315486 0.0056222691749361784 0.02844772095352333
2 0.50016571544721 0.5808717075780253 0.01600184303635693 0.06381515781466064
2 0.3133334016494791 0.595095568054787 0.023786492016738717 0.09995145199886607
2 0.22251211465420628 0.580102850254957 0.0185967365017121 0.10072030932193421
2 0.16001844145145744 0.5816405649010935 0.016434347456359626 0.1068711679064796
0 0.24299023154848043 0.6013024602026049 0.015466714905933437 0.06222865412445721
0 0.2515376266280752 0.6013024602026049 0.02279305354558609 0.047756874095513664
