1 0.04355099494847479 0.6439942112879885 0.08058968888392498 0.18523878437047758
1 0.1449114228668518 0.564376760628916 0.01788337713170854 0.03477759306922811
2 0.19279691554839587 0.584429458285741 0.009720852884793097 0.09845227433487387
2 0.12887492261684635 0.580763682113698 0.013844892941434837 0.09216808661137137
2 0.11061152820985022 0.5825967636459353 0.016790564073733482 0.07907630954073819
2 0.11797580546544317 0.5653150539600874 0.0073642824884795925 0.013092057757297154
0 0.22402147068310604 0.6017109745253731 0.030340849085422606 0.05655768951152344
0 0.23433146878342082 0.6059004330077081 0.02916255865437918 0.04922613716743683
1 0.6577777445765395 0.5778834294070933 0.03358106273638396 0.039276173271891174
1 0.679870568493988 0.5781452705622389 0.009426299900357309 0.03665776172043181
1 0.6895914200705596 0.5750031767004874 0.010015439882992113 0.03037357399692922
1 0.7016688355023362 0.5744794943901954 0.013550279778802547 0.02932620937634546
1 0.7380483909954255 0.5723847651490278 0.012077423281106406 0.018852563170507892
1 0.7785519446820632 0.5744794943901952 0.01531770757603752 0.01780519854992413
1 0.8007920777972717 0.5789307940276764 0.014433993677420034 0.02461306858371849
2 0.5122594768164241 0.5739558120799032 0.011193735546922356 0.052368231029188174
2 0.5237477705806691 0.5757887001659249 0.010604566783410619 0.0560340072012314
2 0.5604218973732975 0.5747413355453411 0.009720852884792918 0.05079718409831258
2 0.5521739009862003 0.5760505413210708 0.005007712092166088 0.049226137167437116
2 0.6162431586359729 0.5729084474593196 0.006480568589862017 0.043989314064518226
2 0.8367297789574962 0.5909754568198848 0.00913171028571469 0.05917599485721756
2 0.8473343431244627 0.5985688806636218 0.010309995483871433 0.08483653426728509
2 0.8551404734046995 0.5896662813886598 0.0064805502747588666 0.06284187723502584
2 0.8635357645991177 0.5896662813886597 0.0038294268940093443 0.05551032489093956
2 0.8770860443779201 0.5878333933026383 0.0061859972903229735 0.05812873644239893
2 0.887248754212022 0.5983070395084759 0.010604566783410548 0.0727918411305717
0 0.87355118878345 0.6040675449216866 0.008542567686636318 0.021470974721967268
0 0.8602954803041868 0.6048530683871244 0.007953425087557803 0.02723148013517786
