1 0.048842257597684506 0.6505065123010131 0.09605643994211287 0.17221418234442842
2 0.13754768949672133 0.5943942230422945 0.02750959136076371 0.1185026457331158
2 0.15381537610224727 0.5976860517585714 0.015606375219316591 0.09875202766354971
2 0.22245697558381758 0.5929834772597574 0.013225741711285188 0.1015736963426705
2 0.31622747753525465 0.5972157146073686 0.025128922814593006 0.1138001597913254
1 0.1233961701662912 0.5802867652169236 0.014548315882413742 0.04232237347611281
0 0.23740205919651966 0.6115582967298292 0.01772250293522279 0.06348356021416907
0 0.24732137000103382 0.6148500368890824 0.01692894939044507 0.054078588330588456
1 0.6270323987083569 0.5908673585859517 0.04311594962614212 0.04279262207029175
1 0.667238661987633 0.5824028838907291 0.03253533930317501 0.03714963894014339
1 0.6874740586736564 0.585459554249523 0.00952254307422561 0.03856038472268039
1 0.6983191674420418 0.5816975109994607 0.01216769254674541 0.02915541283909995
1 0.7103545923993113 0.5774652736518494 0.01031608870716525 0.034798395969248115
2 0.7283415756957521 0.605680189302591 0.023541847372389145 0.09028773008237372
2 0.7390544468266187 0.6061504378967704 0.012696712042833838 0.08840673570565777
1 0.7461963535671566 0.5767599007605808 0.014283813481076525 0.019280192361340265
1 0.7570414555539665 0.5777004558516083 0.006348356021417059 0.014577590614211686
1 0.7752929791155401 0.5824028838907293 0.01851603839579923 0.027744667056562877
1 0.8094153927306561 0.5835785053761768 0.016399919721993683 0.024452926897309695
1 0.7919574136717596 0.5769950250576703 0.009522534032125236 0.018809943767161316
2 0.831288233169117 0.5822720095700653 0.006127192955167402 0.03760605199996981
2 0.8469709294234147 0.582661037694203 0.008023705060338528 0.03682799575169447
2 0.8530251796053065 0.5835687699838574 0.007294277327580545 0.035012531172385696
2 0.858787658694095 0.5929054449631603 0.007731933967234994 0.046424022813755815
2 0.8674678487139156 0.5916086845493683 0.00962844607240612 0.0448679103172055
2 0.8896100628717005 0.5994923392960712 0.01079553044481898 0.05731681028960921
2 0.9012079638225532 0.5988439590891751 0.012400271456886713 0.03942151657927887
0 0.879616892959095 0.6022155361650345 0.009774351566600467 0.037346699917211484
