1 0.04884225759768451 0.6367583212735167 0.09768451519536903 0.17076700434153402
2 0.1428636034732272 0.585383502170767 0.021979015918958032 0.1027496382054992
2 0.19903219971056438 0.5875542691751086 0.017094790159189587 0.09551374819102755
1 0.14245658465991315 0.5709117221418234 0.05535455861070913 0.03907380607814758
0 0.23566391460018038 0.6013024602026047 0.03500357456230186 0.05065123010130243
0 0.245025289462796 0.5998551668977226 0.030933429811866867 0.039073868970140986
1 0.6463458755426917 0.5998552821997106 0.09280028943560048 0.11143270622286536
1 0.7505426917510853 0.5890014471780028 0.02930535455861076 0.034732272069464616
1 0.7924656620594601 0.5752532771145044 0.012210499325363054 0.02170762811541986
1 0.8177007959479015 0.5781476121562953 0.012210564399421173 0.01591895803183789
0 0.8033540991174317 0.6018802188264759 0.009731458660400705 0.021625463689779495
2 0.8040839585169616 0.5824173015056745 0.015083760923620985 0.048441038665105934
2 0.8549308300175555 0.5893374498864038 0.012650896258520845 0.06747144671211175
2 0.8337649074311839 0.5832823200532655 0.010218031593420846 0.043250927379558775
2 0.8692847315416465 0.5889049406126082 0.010218031593420846 0.05276613140306182
2 0.8807191954676173 0.5897699591601995 0.008758312794360562 0.06314635397415579
0 0.8897207774411217 0.5936625426243598 0.014110649632313964 0.046711001569923506
