2 0.4591172214182344 0.581041968162084 0.013024602026049194 0.07091172214182351
2 0.47458393632416784 0.5832127351664255 0.009768451519536895 0.07814761215629516
2 0.5824835940492735 0.5723589001447178 0.012275372467020835 0.050651230101302396
2 0.5916324321449817 0.5689843144745915 0.0110506819455361 0.0496907707726273
2 0.6295047229014853 0.5730838564984319 0.009509134787031429 0.03381025702055638
2 0.6413911413852748 0.5726612282856749 0.003803653914812557 0.03465551344607029
2 0.8375170463677993 0.5937926389235227 0.00808276456897687 0.06339423191354335
2 0.84369798397937 0.5899889850087101 0.007131851090273642 0.06423948833905727
2 0.8662822002140962 0.5849174464556266 0.011410961744437884 0.05747743693494598
2 0.8881531891087423 0.5874532157321685 0.013312788701844056 0.054096411232890204
2 0.907646900641288 0.607316741731745 0.019969212614503063 0.09044243752998846
0 0.8774554124733313 0.5975962316158947 0.005230024132867864 0.04395321168184251
0 0.8489280081122373 0.6009773185403909 0.005230024132867328 0.03381025702055638
1 0.6608848676986894 0.5760422539877306 0.03042923131850074 0.036346026297098176
1 0.6818049642301586 0.5751969975622166 0.007607307829625114 0.029583974892986687
1 0.6910763706475143 0.5709707154346471 0.009984591526383042 0.03803653914812585
1 0.70486461608871 0.5751969975622166 0.018542812834711386 0.032965000595042614
1 0.7414747850187813 0.5701254590091333 0.01378824544119567 0.012678846382708641
1 0.7790358674275558 0.5760422539877306 0.01664098587730521 0.022821923488875556
1 0.8020955192861071 0.5790006514770292 0.016165529137953456 0.021976667063361644
