1 0.04517908827785817 0.6374819102749637 0.09035817655571635 0.17221418234442828
1 0.15330436591613844 0.569391382905651 0.01843932524052761 0.043415340086830574
2 0.10816972539229805 0.568634159768353 0.0076433292903927705 0.03721969045756488
2 0.13608449323547173 0.5834038867621326 0.014954339915985902 0.09984329662426142
2 0.19723110246896655 0.5863578218910029 0.019606851402476835 0.09629856419973142
0 0.22963217966624414 0.5996505684829905 0.03123798991184963 0.057897296267323074
0 0.24192798797417198 0.602309117801388 0.025256218524776167 0.05494335258021493
2 0.3736923120017384 0.5857670331535814 0.020936075882380223 0.0927538317752015
2 0.3909729209437245 0.5854716387848705 0.01761291284816909 0.09452619798746635
2 0.6289130731334072 0.5707019203493288 0.006314054631193997 0.046081521518890015
2 0.6192758318542163 0.5707019203493288 0.009637241279190932 0.046081521518890015
1 0.6631418956077749 0.5777913851983888 0.034228822474367745 0.03899205666983001
1 0.6847426088197546 0.5789729626732322 0.0083079666199923 0.034265746770456434
1 0.6957091247581443 0.5754282302487022 0.009637241279190932 0.030721014345926678
1 0.7078387619267792 0.5742466527738587 0.01262812106928109 0.027176281921396556
1 0.7447261278160981 0.5727696809303047 0.013292746591987451 0.01949602833491504
1 0.78510284558926 0.5745420471425696 0.017612889234383432 0.015951295910385
1 0.8081989927928381 0.579268357041943 0.014622021251186225 0.020677605809758432
2 0.8572160076576851 0.5819268550109126 0.01827752656398289 0.03308416929561332
2 0.8725027060867351 0.6569570760128919 0.04685703504706885 0.20086817072336619
0 0.9279998714531255 0.660501851228612 0.03289954781516896 0.08389208629625661
2 0.9171996048746949 0.6256452001845194 0.04386624380867618 0.15006048479514872
