1 0.04721417149875201 0.6367582793455212 0.0895440738550302 0.17655571635311149
1 0.14896888567293776 0.5672937771345876 0.01953690303907379 0.04630969609261932
1 0.6602173443380417 0.5744598261402076 0.032972821653455636 0.037876472053200556
1 0.6827910453161767 0.5722052742322791 0.009130935227110797 0.03156372671100037
1 0.6934438030811394 0.5690489015611789 0.010145483585678789 0.036072830526857586
1 0.704857472115028 0.5713034534691076 0.012681854482098345 0.03517100976368631
1 0.7393521163063356 0.5699507223243504 0.012681854482098345 0.012625490684400092
1 0.7804413248283343 0.5740089157586219 0.011667306123530636 0.020741877552943037
1 0.8014932032686177 0.578518019574479 0.011160031944246498 0.018938236026600278
2 0.8395387667149126 0.5911435102588791 0.009130935227110655 0.06402927418517229
2 0.8671852094858871 0.5897908509654952 0.0106527577649625 0.052305460561197586
2 0.8887443711168828 0.584830738788907 0.012174580302814632 0.058618349606143594
2 0.909035311253954 0.6037690140071653 0.021305515529925146 0.0820656894486011
2 0.6338390870152771 0.5753616469033791 0.007609112689259092 0.036072830526857655
2 0.5765171047561923 0.575361646903379 0.008623661047826943 0.04509103815857202
2 0.5686543662415773 0.5726561846138646 0.01014546105710678 0.03787647205320055
2 0.5930035155829202 0.5690489015611789 0.004058193434271473 0.05230560426394362
2 0.49332413935362696 0.5767143780481362 0.012681854482098487 0.060421991132486426
2 0.4791204623336768 0.5794198403376505 0.012681854482098487 0.06944019876420093
2 0.19352508587967818 0.5857325856798506 0.014710951199234152 0.09829846318568705
2 0.11920943213172479 0.5816743922455792 0.012174580302814455 0.09378935936982977
2 0.1316376495241812 0.5568743212583646 0.010652757764962644 0.02434916060562884
2 0.1351885687791687 0.5888889583509507 0.010652757764962627 0.05410924579028645
0 0.2259906401124216 0.6006126282721794 0.02992919009489539 0.057716528842972264
0 0.23994068680130134 0.602867180180108 0.030436450757036083 0.04960014197442923
0 0.8764787373443617 0.5988089867458364 0.008623661047827086 0.04869832121125782
0 0.8503541171112391 0.5970053452194936 0.009130935227110797 0.032465547474172
