1 0.05047033285094066 0.6367583212735166 0.09931259044862516 0.17366136034732263
1 0.1558882054992764 0.5687409551374819 0.02849131693198265 0.037626628075253236
2 0.13757235890014471 0.5817655571635311 0.02604920405209841 0.09261939218523885
2 0.20188133140376266 0.5832127351664255 0.017908827785817642 0.1041968162083937
0 0.23769897612972163 0.597684515195369 0.03256152675647578 0.06657018813314039
0 0.24421128798842254 0.6013024602026049 0.034189580318379174 0.047756874095513664
2 0.6107404804191813 0.5737968149950095 0.0044672762413105 0.033469117236485886
2 0.6177604859412409 0.576916817449258 0.0044672762413106425 0.0340363904099857
2 0.6220682166025048 0.5783350003830076 0.004786367401404163 0.034603663583485586
1 0.6692937082963598 0.5783350003830076 0.03478093645020422 0.04368003435948168
1 0.6921087262430535 0.5766331808625081 0.008934552482621143 0.03233457088948654
1 0.7034364624263767 0.5752149979287589 0.01116819060327657 0.03290184406298621
1 0.7138069251294193 0.5754986345155086 0.0057436408816852235 0.026661839154488973
0 0.7211460218115726 0.5825896067073765 0.008934552482621285 0.02042183424599145
0 0.8928170659419382 0.6075495688182453 0.01914546960561708 0.029498205021987686
1 0.7442801309183597 0.5862768248120043 0.03605730109057859 0.042545488012482126
1 0.7696478880656208 0.5834404589445059 0.016592760164504207 0.033469117236486004
1 0.7800183408488448 0.5783350003830074 0.006700914361965999 0.02439274646048972
1 0.7892719844915596 0.5777677272095078 0.007339096682153326 0.01758546837849259
1 0.8133633670786276 0.5777677272095079 0.01531637568449355 0.022123653766490746
2 0.7993233560345087 0.5709604491275105 0.008296370162434102 0.01191273664349488
2 0.7209864762315257 0.567556810086512 0.004786367401404163 0.01758546837849259
2 0.8639393159534657 0.6112368444459938 0.01627364916477447 0.0890618882394626
2 0.872714317187573 0.5888296609214058 0.010849099443182979 0.07261096620796956
2 0.8810106930184741 0.5808877296637565 0.007020005522059307 0.05332367830897766
0 0.7983660825542276 0.5808877296637565 0.005743640881684939 0.015883648857993437
