1 0.047214182344428354 0.6403762662807524 0.09442836468885671 0.1664254703328509
2 0.1420495658465991 0.5788712011577424 0.012210564399421137 0.09840810419681624
1 0.14286363239503078 0.5701881960323696 0.05291244573082489 0.04341534008683062
2 0.20188133140376263 0.585383502170767 0.016280752532561494 0.1027496382054992
0 0.23200072358900145 0.6005788712011578 0.030933429811866836 0.06946454413892916
0 0.24706041968162082 0.6063675832127352 0.028491316931982633 0.049204052098408155
1 0.5784206388480492 0.6128613952504764 0.13949537883626817 0.1573362203090329
2 0.6456397057440699 0.5746511799311886 0.007585845106653579 0.038959402029233134
1 0.6690293948229186 0.5795211051848427 0.033293431301423905 0.03671174421985441
1 0.6915762122232499 0.5787718859150498 0.008428716785170707 0.02622267444275309
1 0.7004263648476794 0.5776480841435658 0.010957331820721663 0.022476632360198864
1 0.7132801579450646 0.576149656457262 0.01053589598146331 0.02547353114593505
1 0.742359230853903 0.5866386882478757 0.03666491801549228 0.04195627910840493
1 0.7891386090115999 0.5720289124869133 0.010535895981463171 0.018730481744823634
1 0.8137926056082242 0.5780226666452569 0.011800203499238791 0.023225797363581293
0 0.8019924021089853 0.5990008061994593 0.012643075177755918 0.029219551521924812
2 0.8009388125108389 0.5817687629942214 0.014750254374048666 0.048699252536541525
2 0.8342322438122628 0.5817687629942214 0.007164409267395086 0.041207059838612066
2 0.8504575236237164 0.5903847845968404 0.01264307517775606 0.053943787425092114
2 0.8647863309286652 0.5847656400733934 0.0059001017496193246 0.04120705983861193
2 0.8704756997855331 0.5892609665454331 0.008007280945912071 0.05469300669488511
2 0.881222339889589 0.5888863460572545 0.01011446014220482 0.06742973428136502
0 0.8867010057999499 0.6012484640088381 0.01264307517775606 0.03221642860109661
