1 0.0508773516642547 0.6353111432706222 0.09687047756874095 0.17655571635311135
1 0.12658285094066568 0.5687409551374819 0.02686324167872648 0.03473227206946454
2 0.14611973951883767 0.5875542691751086 0.015466743827737066 0.10709117221418228
2 0.19984623733719245 0.5868306801736614 0.017094790159189587 0.09985528219971052
0 0.23432465198923974 0.600487846828257 0.030972146503570375 0.058154895318619226
0 0.24580870486946987 0.6032718577743614 0.028188101556243107 0.05382421162467933
0 0.8075253256150506 0.6287988422575976 0.027677279305354574 0.06801736613603473
1 0.6240782191821647 0.6218148393699713 0.11772249809559852 0.11269276920970542
1 0.671996945133047 0.5775426127125322 0.024148121554472234 0.03622210459556489
1 0.6887874442798525 0.5775425738444602 0.010187505537716423 0.034880620023126384
1 0.6999182173831747 0.5745240586501512 0.010564816585620487 0.03152671425167213
1 0.7131242247096611 0.5745240586501512 0.013583338482698899 0.028843589634508362
1 0.7476484821904167 0.5728471057644239 0.012451375176524664 0.016098747702981628
1 0.7904736665096759 0.5741886680730057 0.013583318374390672 0.014757185394399599
2 0.8070755000783756 0.5980013990503324 0.022638863957317595 0.08518920659494363
2 0.8341753734722314 0.5854822358492523 0.011043122211119567 0.057629941544379386
2 0.8644548524596655 0.5845322642358485 0.006768351651159747 0.04559731638676169
2 0.8706888415748173 0.5911818728755847 0.006412122616888496 0.05636334942252489
2 0.8867191607734387 0.5892819846928028 0.0121117998216337 0.06522949427550633
0 0.878347784796257 0.5965648893934662 0.004630977445530249 0.044330724264907244
