1 0.04558610709117221 0.6353111432706222 0.09117221418234442 0.18234442836468873
1 0.15344609261939218 0.5701881331403763 0.021979015918958032 0.04052098408104193
2 0.108267004341534 0.565123010130246 0.009768451519536895 0.04196816208393628
2 0.13716534008683068 0.5831365748234975 0.017094790159189587 0.09977916568586936
2 0.19781114327062227 0.5890014471780028 0.017908827785817677 0.09840810419681624
2 0.37442969564829887 0.5904137303781263 0.025791566710753576 0.08050686492320286
2 0.38672567568421884 0.5858819178308589 0.02399213277828416 0.09063694605129555
0 0.22927728834399713 0.6018766884631807 0.03118980457723362 0.053315881512006766
0 0.2411234198860072 0.6042758862942101 0.026091444396384028 0.054915326136961366
1 0.6638434489669968 0.5792127982589009 0.032308913644959476 0.03865003214068369
1 0.684980123111863 0.5778707543091786 0.011172240841097827 0.028450718967583714
1 0.6973601996513739 0.5762603505597297 0.012983974273656138 0.029524352572116587
1 0.7082304956484106 0.5776023983975647 0.011172256933145946 0.02791386717230502
2 0.6303266714625386 0.571965874463286 0.010568351152976021 0.04133399562052844
2 0.620060259789607 0.5725026796012149 0.009360539592635888 0.034892333965381044
1 0.7452197327298515 0.5722342770322506 0.011474209823231121 0.01610415413786825
1 0.7846245848859477 0.5746499001529307 0.013587880053826069 0.016640959275797017
1 0.8071200751972825 0.579481146394291 0.01328592716374132 0.02093540037922871
2 0.8586541913963319 0.6262999761036638 0.018125496268201147 0.12069017313129535
2 0.8777684359853076 0.6561795820730617 0.045808201182440306 0.20036912238302418
0 0.9303322902751273 0.6596948934870548 0.035591883581195256 0.08788132133341663
2 0.9169852680708275 0.6251281122747647 0.04448986911235054 0.14998413362423554
