1 0.04558610709117221 0.5969609261939218 0.08954413892908826 0.09985528219971045
1 0.24461947813478152 0.7551407820926557 0.48923895626956304 0.4017432139682354
2 0.06634406657018813 0.540520984081042 0.013838639652677287 0.030390738060781502
2 0.08547393995027154 0.5607814761215629 0.02116499998368264 0.07091172214182336
2 0.1461197539797395 0.5542691751085383 0.01383863965267727 0.03473227206946447
1 0.12536179450072363 0.5672938085805841 0.024421128798842263 0.046309633200625776
1 0.6964185160317795 0.5830151324239998 0.034025611706815694 0.04180210880243854
1 0.6661273968835439 0.5785890828989181 0.03098272242143703 0.03688413193150775
1 0.7173041766232926 0.5778514857495763 0.0088521498929662 0.0245894212876719
1 0.7485634575499472 0.5731794102156285 0.013831549474315353 0.017212594901370153
2 0.6279523461339173 0.5731794102156286 0.008298929684589212 0.037867708783014535
2 0.6495295633138491 0.5714581507254914 0.006085881768698727 0.034425189802740445
2 0.8013999765418327 0.6090799332371466 0.036515290612192546 0.13130757379313404
0 0.8048578540820361 0.6617013268512474 0.020194081889251127 0.0978658967249336
2 0.8700044435062331 0.5849823181854973 0.006639160947326718 0.04967063100109697
0 0.8773351831558232 0.6024408215479579 0.011895132547911373 0.026556574990685533
2 0.8882621072405322 0.5899002166912453 0.014384811453288222 0.05655566896164501
2 0.8329359093432709 0.5894084282654919 0.00995871562150711 0.053604938407124436
2 0.9721417547549998 0.7214182344428365 0.05571649048999964 0.3835021707670043
2 0.20066027496382055 0.5463096960926194 0.015466714905933437 0.02170767004341535
