1 0.04768401015228427 0.6390862944162436 0.09308375634517767 0.17360406091370564
1 0.2501268369822818 0.6375631360992792 0.3015229757816288 0.18477235065604986
2 0.120494923857868 0.5746192893401014 0.011421319796954314 0.07309644670050766
2 0.13591370558375634 0.5715736040609136 0.012563451776649722 0.08730964467005073
2 0.2112944162436548 0.5461928934010152 0.013705583756345164 0.054822335025380656
2 0.24270304568527915 0.5406091370558375 0.017131979695431454 0.01725888324873097
1 0.14704949238578677 0.5629441624365481 0.022271573604060926 0.04365482233502533
1 0.6638533280349573 0.579090684811963 0.033944188884083244 0.03651659750036977
1 0.6836976230748829 0.5804832669200279 0.00922585646593035 0.032493582521515595
1 0.6938808797401077 0.5764602519411736 0.009399929229438584 0.03249358252151552
1 0.7024104451520055 0.5732108936890221 0.006266619486292342 0.035278746737645576
1 0.7824839163657401 0.5761507892504925 0.010792511337503329 0.01887722413154698
1 0.8044772765527712 0.5800878136817222 0.013055457263108963 0.021352925656995935
2 0.8304141183154808 0.585967604804663 0.006788837776816763 0.049823493199656926
2 0.8442802050859342 0.5848268246448239 0.008703638175405785 0.047966717055570596
2 0.9105746259109696 0.5988103064679288 0.010444365810487142 0.0625114635175823
2 0.9219763919207514 0.599429231849291 0.007136983303832949 0.061892538136220095
2 0.8874229089735951 0.6294470684338129 0.03202956275991777 0.12502301585825304
2 0.6321452406797335 0.5749816792854839 0.00818141988488165 0.04023014978854299
2 0.6256175120481791 0.575291141976165 0.005570328432259828 0.038992299025818584
2 0.5371015118043008 0.5729701717960569 0.011314729628027678 0.07210480692869624
0 0.852225703694587 0.5922527122386101 0.004808237225648497 0.02979580655385995
