1 0.0508773516642547 0.6410998552821997 0.09687047756874095 0.1736613603473227
1 0.14327062228654125 0.5723589001447178 0.05372648335745298 0.05065123010130243
1 0.5494753979739508 0.6259043080578277 0.17257597684515197 0.18089760674975713
1 0.7232724312590448 0.5868306801736614 0.048028219971056385 0.06222865412445721
1 0.7696725759768451 0.5817655571635311 0.021979015918957998 0.028943560057887084
1 0.6691389290882778 0.5781476121562952 0.030933429811866798 0.03617945007235889
1 0.6915249638205497 0.5759768451519537 0.007326338639652619 0.03183791606367592
1 0.7924656295224313 0.573082489146165 0.012210564399421173 0.017366136034732235
1 0.8168867438603717 0.5716352272872796 0.012210564399421031 0.014471780028943542
0 0.8083393632416787 0.5962373371924747 0.009768451519536824 0.020260492040521
2 0.8087463892854436 0.5738059733276232 0.013838639652677358 0.02749638205499281
2 0.8649089270460792 0.5934708409322625 0.011346230526581564 0.06870779321875514
2 0.8790917309511147 0.5896888143120613 0.011346230526581423 0.058622191054005054
0 0.887424118994073 0.6000895256280945 0.009573382006803258 0.030256614737550935
2 0.14475342152147339 0.5808335494020409 0.015407927220773079 0.0937090310503158
2 0.20192494094592084 0.5887627751062984 0.01946264491045021 0.10668412765728257
0 0.23557912658211522 0.596692000810556 0.03811434628296496 0.0792922570425749
0 0.2449049484564984 0.6039003878144262 0.04379095104851292 0.044691999423996834
