1 0.04707764444883556 0.6552715792041843 0.09415528889767112 0.1801873764002491
2 0.11583348886668139 0.5906991782890054 0.02049264782899944 0.0728626549378057
2 0.16310902539932964 0.5995806267961864 0.02727008600576182 0.09834440431815222
2 0.22015720656450707 0.5963904678752044 0.01495410142325405 0.0998411116833255
1 0.13369882550570214 0.5826397878581484 0.0313647442513512 0.04725383518719772
0 0.23603289004127997 0.6124097040260823 0.019137836688360554 0.06048490903961318
0 0.24706372391156456 0.6126459732020197 0.01780878913617521 0.05906729398399733
2 0.3834205720736223 0.5951620541827566 0.023124845594734964 0.0968703621337555
1 0.40907053334032417 0.5925630932474588 0.014884966443353954 0.07088075278079643
1 0.6263643250617971 0.5890190556084195 0.0438575201191297 0.043000990020349954
1 0.6748733708972384 0.5821672495062767 0.014884951117811695 0.03969322155724617
1 0.6876319126673214 0.5807496233106941 0.010100526776498276 0.03780303695785872
1 0.6978585068838897 0.5818126794250257 0.010918471854889443 0.03226693704558431
1 0.7083515615353749 0.5782834725681437 0.014888778972622672 0.03529192560105303
1 0.7447227303036789 0.5763928316287931 0.011911026151087044 0.01941056113510477
1 0.7839298580510071 0.5775272150717536 0.01091844063849635 0.01714179424918349
1 0.7917996431865467 0.5767709594431132 0.004821129632582881 0.01562928299190247
1 0.8078228015142674 0.5826949618674634 0.01729936311334805 0.022939754068760147
1 0.7632982484050713 0.5831991322865571 0.028926799349674827 0.040585718737037216
2 0.6557334236847551 0.5982230631662209 0.01856260408463851 0.08288401644894403
2 0.662208713711143 0.598510854890002 0.018130964016339998 0.080773543807883
2 0.720594502382292 0.576542753308049 0.0025901255140294665 0.021488448708985572
2 0.7246955344461705 0.5778857795431305 0.0034535006853725746 0.02033727819540159
2 0.8306208757803369 0.5844090604247313 0.004640641545969544 0.028779172378105712
2 0.8471868846177518 0.5834497539034098 0.0060436307248663 0.033383839958602606
2 0.8517735612557316 0.5834497546787936 0.003561427107254435 0.0333838399586026
2 0.8567379707536869 0.5903567560495397 0.006583243601053837 0.042593175119596226
2 0.8651558758458678 0.5902608254749458 0.010252583553798607 0.04240131397040891
2 0.9010938741412231 0.5984149243154093 0.011547642916714835 0.03913967443422358
2 0.8891684986473742 0.5959207293759734 0.012734795656655574 0.05065134338546586
0 0.8784842229824406 0.6016765638515938 0.010576373567421742 0.041442008224472096
