1 0.10258301294660775 0.8451520794742906 0.20028180013344707 0.3096958410514184
1 0.04273697539797395 0.6208393632416788 0.08384587554269174 0.14182344428364688
1 0.14652677279305354 0.5643994211287989 0.021164978292329977 0.05499276410998554
2 0.10253231740801784 0.5781194696911084 0.013116458701181699 0.038105267554652614
2 0.11037017142988007 0.5812474810875308 0.020474531791239432 0.08189795438582895
2 0.12924508962220313 0.5826693688617408 0.013436403584970195 0.09270389282684559
2 0.1852299245954341 0.5855130290673842 0.02943218438174423 0.09839121323813246
0 0.22202005703951447 0.5994470654119055 0.030711708178376682 0.056873492469811805
0 0.23497655892726713 0.5997314124832995 0.023993522014356755 0.054029856980477506
2 0.5053035736223531 0.5764132636811987 0.009917322432600812 0.05402985698047736
2 0.5177802050698186 0.5769819990178352 0.011836804193749302 0.05857973967357026
2 0.5568096675465056 0.5732852193296973 0.007997840671452252 0.055736062990387227
2 0.5665670217995209 0.573285227568467 0.010237236059458895 0.05573606299038716
2 0.6196726952241203 0.5712946456514693 0.008957581552026568 0.04834250361411137
2 0.8485708952410838 0.6005845154882544 0.014396113208614026 0.08758524184203723
2 0.8597678721811168 0.5894941764238406 0.006718186164019926 0.08701650650540045
2 0.8789626983172195 0.5943284267852517 0.00863768497440316 0.07734800578257821
2 0.885041048702906 0.5875036027456124 0.006078358910303763 0.06711076972311936
2 0.8408929681964895 0.6130966928942597 0.002239395388006642 0.0272992961585571
0 0.8682455634020824 0.6057031335179838 0.010237275841006654 0.04891123895074798
1 0.6579848007848487 0.5776248401599322 0.032023135522327946 0.03652114407577855
1 0.6779992631696632 0.5772220528741613 0.009214204088971627 0.030881849769959828
1 0.689630320421373 0.5758793637537285 0.011933175049765639 0.02712232023274723
1 0.7014879363369579 0.5752080191935117 0.012386317869433125 0.026853782408660622
1 0.7375894846958818 0.5715827585683426 0.012084202083897395 0.019066185510149082
1 0.7776184040987917 0.5760136326657717 0.013896832396481642 0.014501042500676818
1 0.7995210203758555 0.5769535150500749 0.0141989374485793 0.022288639399188383
