1 0.04311548223350253 0.6365482233502537 0.08508883248730964 0.17461928934010154
1 0.14933379942054195 0.5690355329949238 0.019987395795398592 0.047715736040609115
1 0.6546446180791512 0.5798211067185784 0.023980665738305637 0.03544965316739018
1 0.7393587450113004 0.5728701783320282 0.01172968476621872 0.018304042098374315
1 0.7796957173114828 0.5742603587445635 0.016812494364092174 0.02247458333597855
1 0.8015910588089052 0.5799369287624138 0.016291176709391664 0.01992591924633146
2 0.11509416544845799 0.5779979457138592 0.010337841266204451 0.09740505921410049
2 0.13042859049246563 0.5556376648250876 0.015162108273892957 0.033080963506675685
2 0.12672417514053344 0.5882591851580848 0.012233095348589733 0.0572790757013734
2 0.20063946597205734 0.5824393713698478 0.012233064630072725 0.09954919573768115
2 0.30134688422140155 0.5835113846836264 0.022054030019263083 0.10659421574373255
2 0.32503766304010073 0.5887186283317634 0.022226338519008106 0.09740505921410049
2 0.6179424831768574 0.5752605688689573 0.01241089535373007 0.037366136548865114
2 0.6050311484943477 0.5765061067539194 0.008207204991982877 0.03985721231878948
2 0.6104358932451658 0.5592465103480151 0.004203690361747405 0.01886100225799872
2 0.552685194704018 0.5765061067539194 0.0120105438907067 0.059785818478184254
2 0.8419391432103965 0.5823779111878487 0.006405623408377039 0.04875391149709067
2 0.8830752395642069 0.624192414349614 0.030226535458278362 0.11174254167946324
2 0.9279146034228449 0.5976802507982764 0.014612828400359917 0.06583557391942897
2 0.9415265627742311 0.5978581847818423 0.011009684450317794 0.06192102628097664
0 0.22601288016969676 0.5956794228269161 0.02774165316162339 0.06962610989583923
0 0.2455952235779016 0.6038991719118415 0.02230211332601101 0.051252553117770674
0 0.8474619289340101 0.5908629441624365 0.005710659898477104 0.02842639593908629
0 0.8702581339241874 0.6075566671932191 0.009678953394162986 0.03542649186350825
