1 0.042329956584659906 0.6353111432706222 0.08465991316931981 0.17076700434153394
2 0.11722141823444282 0.5709117221418234 0.011396526772793063 0.07380607814761206
2 0.12983900144717797 0.5506512301013025 0.007326338639652672 0.02170767004341535
2 0.13390918958031836 0.5861070911722142 0.015466714905933437 0.04341534008683062
2 0.194962011577424 0.585383502170767 0.018722865412445736 0.09985528219971065
1 0.15141102747462554 0.5701881331403764 0.016280810376168745 0.060781476121562934
0 0.22793056076243923 0.5991316931982631 0.029305303945454428 0.06657018813314032
0 0.23810598048213388 0.5976845151953699 0.02523511581231401 0.05499276410998552
0 0.8506693198263386 0.5991316931982634 0.008140376266280782 0.0434153400868307
0 0.8795676555716352 0.5962373371924747 0.013838639652677216 0.040520984081042
1 0.6610428879192244 0.5780607594123579 0.033314552937786034 0.039754352364116056
2 0.47370556095098487 0.5756267959661294 0.01734182207720366 0.0689616316520381
2 0.48922191185862424 0.5764380975268988 0.011865457210718376 0.06571637839782454
2 0.5690855823756051 0.5735985126822459 0.008214547299728068 0.053546678694523564
2 0.5770719478058963 0.5740041693390227 0.008670911038601901 0.0478674854996499
2 0.589850132494362 0.5715702293983626 0.00867091103860183 0.04949011212675664
2 0.632063778340187 0.5744098259957994 0.005476364866485426 0.03082990591502892
1 0.6804383346608077 0.5735985126822459 0.010952729732970852 0.030829905915028776
1 0.6932165193492736 0.5719758860551392 0.01095272973297071 0.035697785796349135
1 0.7059947161982918 0.5727871993686924 0.010040026576326955 0.027584652660815365
1 0.7402219844532731 0.570758916084809 0.018254549554951326 0.01703757958462127
1 0.7808383572130395 0.5740041693390227 0.017341822077203518 0.018660206211727867
1 0.8034283622872919 0.5780607359067896 0.014147275905087327 0.02190545946594149
2 0.8397092795277574 0.5918530622371971 0.008214547299727997 0.06409375177071766
2 0.8654938307741261 0.5877964956694303 0.008670911038601901 0.05598061863518389
2 0.888768381456689 0.5869851823558768 0.014147275905087327 0.05760324526229063
2 0.9095329113078602 0.606051068729951 0.022818219371828104 0.07950870472823227
