1 0.04843523878437047 0.6410998552821997 0.09687047756874094 0.17076700434153388
1 0.1257688133140376 0.5658465991316932 0.021979015918958053 0.037626628075253236
2 0.14367764109985526 0.5781476121562952 0.0203509406657019 0.09696092619392183
2 0.19618306801736612 0.5861070911722142 0.016280752532561494 0.09840810419681624
0 0.2547937771345875 0.5998552821997106 0.013024602026049194 0.044862518089724975
2 0.2242673661360347 0.5875542062831153 0.021979015918957998 0.11577424023154848
2 0.238513064369506 0.5984080622688207 0.0325615412173775 0.12011577424023143
2 0.6395446096963225 0.572808266606533 0.007134879012839264 0.03747613218865098
2 0.6497604649532037 0.5722317691911212 0.006810554807987746 0.02825123811144457
1 0.6685705818085265 0.577420713645136 0.0327556068480925 0.03747613218865089
1 0.6894887699877289 0.5777089915850488 0.009080769510311936 0.036899576308825476
1 0.7000289163224184 0.5774207387013134 0.01135094388406273 0.03055746163074602
1 0.7123528112164428 0.5779972695249616 0.012648203255506897 0.02709812635179374
1 0.7417031046528854 0.5777089915850487 0.01945876094410721 0.025368458712317406
1 0.789377068965948 0.5748262121859219 0.014918383390482149 0.019602899914063485
1 0.8122411130752738 0.5800152151043503 0.01459407070808041 0.02190912343336521
2 0.8685093404270845 0.5961587880915206 0.011026631201660706 0.04151202334742862
2 0.9069403572840404 0.6803359381939694 0.057403462890227755 0.22024434609330185
2 0.962560051450646 0.674282101455804 0.05643061702262071 0.2542611430030007
0 0.9791000040143618 0.7255955747602637 0.01362116434761184 0.13779685527827004
0 0.8753199298024213 0.5996181150184139 0.005189002918428542 0.026521570471968375
