2 0.4611523154848045 0.5795947901591896 0.013838639652677287 0.07091172214182336
2 0.47865412445730826 0.5824891461649783 0.009768451519536895 0.07091172214182336
2 0.5808158465991317 0.573082489146165 0.008954413892908875 0.04630969609261932
2 0.5942474674384949 0.5723589001447178 0.011396526772793151 0.05065123010130243
2 0.6325072575813672 0.5730825101101629 0.011396526772793151 0.03183791606367578
2 0.6418686685962374 0.5680173661360348 0.012210564399421173 0.024602026049204043
2 0.8376447358764166 0.5890013004300182 0.008140397957633426 0.07814761215629532
2 0.8474132054720804 0.5709117221418232 0.009768379215027241 0.030390738060781426
2 0.865729015918958 0.5882778581765556 0.008954413892908804 0.05354558610709113
2 0.8885220658493189 0.5832127351664255 0.012210513786264744 0.05499276410998538
2 0.9060238350543421 0.6034732900989398 0.01953690303907379 0.08683068017366131
0 0.8771255426917509 0.5947901591895803 0.005698263386396576 0.03473227206946447
0 0.8522973950795951 0.6020259863120587 0.01139652677279302 0.04052085829705529
1 0.6597774963820546 0.5752533190424998 0.02849131693198259 0.0419680362999497
1 0.6797214182344428 0.573082489146165 0.008140376266280782 0.03473227206946447
1 0.6935600578871202 0.5709117221418234 0.011396526772793151 0.02749638205499281
1 0.7086197756710922 0.5803186097646124 0.013838639652677218 0.02026049204052093
1 0.7387391461649782 0.573082489146165 0.012210564399421031 0.017366136034732235
1 0.7814760962563742 0.5730824891461643 0.022793002932429987 0.026049204052098443
1 0.8063042691751084 0.5810419681620839 0.017094790159189587 0.018813314037626653
