1 0.042038379914535476 0.6366522611128551 0.08407675982907095 0.17223671770723556
2 0.11472314205939099 0.5751856564938184 0.010172497843340001 0.08539874732680473
2 0.12461309858091481 0.5761903716696771 0.007346803997967761 0.07736121816663498
2 0.12941677811804758 0.5942748122800593 0.012433052919637753 0.051239248396082855
2 0.19299488963892247 0.5832232096848258 0.012998191688712168 0.09946442335710202
1 0.1435452473449087 0.5636317323569118 0.025996383377424426 0.038178263510806755
2 0.3882503343541427 0.5812138273947833 0.020344995686680037 0.08539874732680473
2 0.4097255725005703 0.5817161128902006 0.015823885534084356 0.08238467389174112
0 0.22859863209061243 0.5971188508464853 0.02656152214649886 0.054253321831146624
0 0.2415968237793246 0.5986258154715052 0.01977985691760551 0.053248774871148596
1 0.6705217711336704 0.5755462829028494 0.01190428462838625 0.034045103864756926
1 0.6811321015013793 0.5783066967297213 0.007246106854200546 0.03404510386475692
1 0.6920012412240194 0.5746261449605586 0.007246086295539414 0.034045103864756926
1 0.70235279307479 0.5732459380471226 0.010351551850770732 0.038645793576210466
1 0.7388420133487567 0.5704855242202505 0.01397459499854051 0.01840275884581459
1 0.778954276770493 0.5732459380471226 0.020703103701541322 0.020243034730396018
1 0.8019864796384578 0.580146972614303 0.017080060553771547 0.030364552095593994
2 0.8424479166666665 0.5819444444444444 0.008854166666666713 0.05092592592592595
2 0.8651041666666666 0.5893518518518518 0.008333333333333286 0.04537037037037038
2 0.8748120048823574 0.5794506596378909 0.01092539650200294 0.026822137444070863
2 0.8977034125812444 0.6169091612136284 0.02237104998029167 0.0943399316998353
2 0.9635159200814053 0.6016482899092432 0.012486167430860604 0.07121739942046382
0 0.848539128322231 0.5937866289342568 0.008324111620573688 0.03329644648229482
0 0.8758526195772385 0.6021107405548306 0.01092539650200294 0.03144664389994503
2 0.9850497313249912 0.6069422951825856 0.004433832255934363 0.06481058507439946
