1 0.04572820807498186 0.6376651762692266 0.09068463204743236 0.17356566928038128
2 0.1213630364127604 0.5814106806356898 0.011190869486704412 0.10084645606409495
2 0.12985267525089786 0.5745503874399971 0.005788380768985047 0.072033182902925
2 0.13699165763387375 0.5882710135830591 0.01003319333290742 0.055568455382256444
1 0.1337115957635545 0.5676900843063852 0.05595434743352213 0.047336091621922094
2 0.1952613779404288 0.5814106905736091 0.010033193332907437 0.0953582135572055
0 0.22671153384634304 0.5992474787209999 0.03280091690205735 0.061056697889145826
0 0.2392530717847152 0.602677630287806 0.023925307178471477 0.05419639475553389
2 0.49278414946626015 0.5738643571266359 0.012348545640501456 0.06654494039603548
2 0.5062903712605585 0.5769514935367613 0.009261409230376003 0.05899860694906238
2 0.5722006068964801 0.5759996930477841 0.009824013112849883 0.04588820068398711
2 0.5621839583762188 0.5766845518793605 0.0082830068467221 0.04451840364864421
2 0.6365828162970563 0.5779232107626284 0.008547828712392444 0.029548049869998465
1 0.6620943448158201 0.5779449202249467 0.03140504841190492 0.04049295619410451
1 0.6834912124439648 0.5764110961266856 0.008627803467512891 0.03006295232592599
1 0.6941896202026275 0.5776381554052947 0.009317993658307754 0.03129001160453536
1 0.7066135892678612 0.5736502127498144 0.012078864773809529 0.03435765980105834
1 0.7411246314787457 0.5730366831105098 0.013459306462245024 0.015951770621920006
1 0.781847653624234 0.5736502127498153 0.014839732823968301 0.019632948457747615
1 0.8037621730915012 0.579171979503556 0.017945741949660032 0.02331412629357537
0 0.8577719786742739 0.6015658113381743 0.01000820224115671 0.033744130161753816
0 0.8769255825785766 0.6009522816988697 0.008282650130612553 0.036198248718972224
2 0.8513873852871133 0.5892952629904105 0.006902131808618899 0.05705825645532913
2 0.841724319523474 0.5945102204861713 0.012423975195918473 0.06626120104489835
2 0.8681252668148008 0.5880681592734729 0.0072473188642855745 0.05337707861950143
2 0.8876240056639506 0.5896019833717344 0.009663091819047622 0.0601259046518522
2 0.9095385174678623 0.6037131650757405 0.016220189839115873 0.08098591238820887
