1 0.05006331403762663 0.6389290882778582 0.09524240231548481 0.175108538350217
1 0.12617583935780252 0.5658465991316932 0.02604918959119663 0.04341534008683062
2 0.14449167872648336 0.5795947901591896 0.01383863965267727 0.0969609261939219
2 0.19740412445730826 0.5817655571635311 0.018722865412445736 0.10130246020260486
2 0.22816507041176834 0.5916479866183757 0.025235166425470332 0.10564399421128799
2 0.2434543496244665 0.5995834993572587 0.03581770618479157 0.11577424023154848
0 0.2331142881238141 0.6177870303878775 0.029053712928264207 0.05058411936625221
0 0.25392532055521466 0.6044165348098552 0.018199449809696164 0.04613523079330371
0 0.9831947959327022 0.7262527815821397 0.033610408134595676 0.13156317362047942
1 0.6686305603880239 0.5792146891982999 0.03375059107159018 0.04431895797279523
1 0.6902999739737607 0.5792146891982998 0.007287059435911374 0.030682355519627436
1 0.7008470336836328 0.577851028952983 0.012272942207850975 0.03204601576494426
1 0.713503505335479 0.5754646235236787 0.010738824431869744 0.030000525396969097
1 0.7438023484440512 0.5795556042596287 0.019943497021877817 0.028636865151652344
1 0.7892505705245592 0.5744418783396911 0.016491766091799746 0.022500394047726715
1 0.8122623371642796 0.579555604259629 0.014957648315818375 0.019091243434434944
2 0.9028350166007258 0.6701041549649841 0.04910529552677402 0.20837046435023937
2 0.9030200758870341 0.5652371716838028 0.0019176472199767148 0.0027273204906335027
2 0.9672613037451935 0.6593297286106599 0.06520025416013037 0.22636760072258474
2 0.869077718390153 0.5955786121421013 0.009971734884587831 0.04022797723684477
0 0.8771318384173488 0.6023969133686848 0.004602353327943831 0.03613699650089458
