1 0.04843544846744642 0.6367593904374028 0.0952428216816367 0.17076914266930868
1 0.1538531114327062 0.5665701881331404 0.029305354558610688 0.03907380607814758
2 0.13513024602026047 0.5817655571635311 0.01953690303907379 0.08972503617945002
2 0.20106729377713456 0.5846599131693199 0.01953690303907379 0.10130246020260493
0 0.2361102612653572 0.6063461365242644 0.029609544774785054 0.059019698675665914
0 0.25001779065945995 0.6019596181735873 0.02332873224680037 0.04546135032222478
2 0.6169966940802815 0.5744435620387727 0.006280812527984736 0.03349766681591845
2 0.622380247675697 0.5724496532997299 0.00448629466284622 0.02791472234659878
2 0.6257449686728316 0.573247216795347 0.004037665196561662 0.03589035730276976
1 0.6674675090373015 0.5784313795168582 0.038133504634192975 0.031902539824684266
1 0.6910205560172443 0.5744435620387727 0.00986984825826184 0.031902539824684266
1 0.7020119779412175 0.5720508715519214 0.012112995589684771 0.027117158850981652
1 0.7335091773753581 0.5882030780176165 0.036787616235338876 0.045461119250174986
1 0.7628944193714605 0.5806262248092541 0.020188349891727245 0.041473301772089514
1 0.7765776061386819 0.5742457168443171 0.008972589325692297 0.027117158850981652
1 0.7862231396638012 0.5742457168443171 0.009421218791977281 0.022331777877278896
1 0.8144867960397325 0.5790310978180198 0.012112995589684771 0.019141523894810532
0 0.798336135253486 0.5854116057829566 0.005832183061699965 0.01595126991234217
2 0.7978875057872014 0.5738469350965086 0.010318477724546398 0.016748833407959154
2 0.8593497426681949 0.5634786385374924 0.013010254522254038 0.021534156613649574
2 0.8676493877944602 0.6005653121996817 0.014356142921107989 0.09092223850035026
2 0.8835757438096126 0.5870069522926378 0.010318545466484988 0.06221027615900373
0 0.8950157852378223 0.5933872638463327 0.008972589325692299 0.03349771303032846
