2 0.15812593531350846 0.6020678462610752 0.018438208091970668 0.10261973994169248
2 0.11944583002256731 0.584433073210765 0.02696092227358534 0.08824108519556924
2 0.22123300645460586 0.593427990660312 0.017017923573431203 0.09618448937643212
2 0.3841077607559809 0.5960757920539339 0.020281604057015904 0.09088888658919055
2 0.40541977822801245 0.594567926961152 0.014529736855382844 0.0656853095109202
2 0.6524331067597297 0.5942168131854517 0.026304435444969066 0.07862227364536592
2 0.6587319324110307 0.5981173949926937 0.022739166961163716 0.08435456202079208
2 0.8305780233101546 0.5838597590484891 0.005634680725886635 0.03148270381698711
2 0.8474820479613786 0.5844658339426888 0.006707956798852736 0.031959701925445415
2 0.8568731737413008 0.5905378572958156 0.006171311412572322 0.04006880453380333
2 0.8662642955636435 0.5907763620847056 0.011001041868167406 0.03959179495601987
2 0.9000723598483704 0.5979315401594317 0.011537681600752995 0.0395918637719742
2 0.7246359389627988 0.5773481010984209 0.0055644001927371315 0.02158310658311859
2 0.7195774011207697 0.5775729251253294 0.004046832484334715 0.026529235175083342
2 0.8892914384325578 0.5962333193586508 0.010622935271378538 0.05845424699594617
1 0.04847295306918298 0.6528856171164867 0.09413587987348578 0.18483728320100695
1 0.13608096370857156 0.5807985199950427 0.029366237928846534 0.05034208680534884
1 0.6252120086319927 0.5908203243127742 0.04273833754841185 0.045214652038137466
1 0.7445122681447289 0.5766033460945971 0.010225736382336379 0.018645217335314327
1 0.7631283460256513 0.5845275634621052 0.029104031538952732 0.04008721727092597
0 0.879151118480485 0.6015413242805794 0.014158735977351006 0.0414856085710745
1 0.6729253465544589 0.5804921075461948 0.01567185008326938 0.04834132226664554
1 0.6869231322588436 0.584452275026748 0.01120630068004104 0.040355453161173574
1 0.6982731034604237 0.5813873039005829 0.010344277550807277 0.034225510908843404
1 0.708549854907431 0.5780258482395116 0.015184566941493075 0.03441835173405153
1 0.8091190968094998 0.5828663309946083 0.016662658565428926 0.02381416997586342
1 0.7836350222011893 0.578219663682244 0.012088612563953674 0.02149083631968175
1 0.7921297194486704 0.5764771634401084 0.006861094703411936 0.021490836319681607
0 0.23962037635822128 0.6084293734225406 0.015393171928793699 0.07115066135975738
0 0.25312161999354404 0.6166390651178971 0.013019759744217964 0.05473127796904411
