1 0.023984771573604062 0.6522842639593908 0.04682741116751269 0.23654822335025386
1 0.06395944177019287 0.6324873096446699 0.04568538100231468 0.1786802030456852
1 0.14419420159597024 0.5670050761421318 0.03140870776046858 0.039593908629441676
1 0.661594319370175 0.5758522229794475 0.032272893627813444 0.03871874421713675
1 0.6819876460476444 0.5772602104934037 0.01286961040081741 0.030974938124036372
1 0.7825681721713661 0.5758522587604942 0.018017382332092068 0.020415300127205924
1 0.8055353848144727 0.5809560837922956 0.014453504508161786 0.02428716739271046
2 0.8875045000919782 0.6309383997773709 0.02870915428815519 0.11439607829899763
2 0.9178965328744981 0.5964435528543139 0.007127755647860568 0.06230186418130046
2 0.9272022138592052 0.5966195468209278 0.00712775564786071 0.0598379486487066
2 0.8431540951781816 0.5842999691579588 0.005741803160776726 0.04716638305251003
2 0.6273414936179568 0.5730363552946728 0.004949830311014409 0.037310720922134805
2 0.6216986870634004 0.5746203009941974 0.01108761989667208 0.03414282952308568
2 0.5910097391351115 0.5735643371945143 0.005543809948336005 0.04470246751991617
2 0.2861991790790261 0.5934516722600177 0.019601357900773372 0.09996457303666272
2 0.25372830174259475 0.5827160234584341 0.019205341606735687 0.11861993349773016
2 0.1996761113002715 0.583068019810731 0.021581347048114364 0.09538885619074777
2 0.12394371025713069 0.5813080717255231 0.012671647057532886 0.0946847540382473
2 0.11651900552127742 0.5755002708272666 0.007325748860301217 0.06476577971389431
2 0.10612436186814733 0.5848279510578003 0.0075237420727417795 0.043294515787005355
0 0.22294030833128375 0.6003154201198184 0.024551256096234368 0.061597888314844924
0 0.23571091941050262 0.6022513537525708 0.012473572383756135 0.04998228651833123
0 0.8491928881576192 0.5955635830212447 0.005147823523454775 0.03238288985694702
0 0.8711701347385227 0.6087631305172829 0.004751837098573617 0.02569511912562106
