1 0.04558610709117221 0.6389290882778582 0.09117221418234442 0.1693198263386396
1 0.12007054992764109 0.5665701881331404 0.021979015918958032 0.03907380607814758
2 0.13675832127351664 0.5803183791606368 0.013024602026049194 0.09261939218523871
2 0.19455499276410998 0.585383502170767 0.024421128798842274 0.09985528219971065
0 0.23163585272105286 0.599856748147062 0.030873922583140576 0.05699801092272103
0 0.24252088952921141 0.6016159460150472 0.02810318594106384 0.05066489859797414
2 0.3238618009501779 0.5907089192335389 0.029290644501953834 0.09218196828242525
2 0.3426632527745269 0.5885978817919566 0.028894874202171114 0.09640404316558976
2 0.6285613982311182 0.5738503445367781 0.007916390405933598 0.03448027821251031
2 0.6356861249862 0.5720910702169253 0.007916390405933518 0.03518384523029908
1 0.6635914257773738 0.5794797777143308 0.03443629826581059 0.03729499480128652
1 0.6855594091538393 0.5784242589935397 0.007124751365340103 0.035183957359704296
1 0.6964444582671263 0.57596138197836 0.010687151658267491 0.030258203329345704
1 0.7093085803716397 0.5763132215519573 0.015041141771273487 0.025332449298987144
1 0.7453281567186368 0.573498535543928 0.011874585608900222 0.016888238371164283
1 0.7868892063497879 0.5749058632575692 0.017416058893053473 0.016888299532658024
1 0.7579943813681305 0.5749058632575692 0.011082946568306938 0.0182956578270462
1 0.8076697311653632 0.5773687402727485 0.01543696129157027 0.01759197867985229
2 0.8741674105752045 0.6417553822410075 0.030478103062844042 0.14917997920514645
2 0.928790469218636 0.6913647621181889 0.07322684329445174 0.23151043942685423
2 0.9194887456491736 0.5710356279480017 0.025332449298987286 0.04855386115639213
0 0.9596644199277824 0.6804578066917581 0.017811864350346228 0.11540352284998248
