1 0.04640014471780028 0.6526772793053546 0.09117221418234442 0.18234442836468895
2 0.1627937517139194 0.5979088132569041 0.02678158837119592 0.10058782870959765
2 0.21899718891705017 0.5928794218214244 0.015465398005471809 0.10528192738271222
2 0.36629548171887194 0.5965676422074434 0.030930794399162166 0.09790548661067514
1 0.419669912833931 0.5948912318236288 0.013956569292361337 0.06504668904284887
1 0.1292225614644198 0.5814794679010038 0.03885204883908212 0.04895274330533745
0 0.23653720121897182 0.6096440599396911 0.018860217883049587 0.06638796694833453
0 0.24785332147222555 0.6136675682309827 0.018860196929897433 0.04895248102236862
1 0.6256607308607021 0.5894126510788281 0.04573614994314334 0.047811163583463594
1 0.6616329852204522 0.5831696487263319 0.02312505276081656 0.04019759458583593
1 0.6883552578544685 0.5821038034153447 0.007708345552681521 0.03502063164675093
1 0.6982048105051172 0.5805811672567904 0.01164816661294111 0.03197535932964222
1 0.7097673288341396 0.5766223132445489 0.013532428859152219 0.03502063164675121
2 0.6717394662541115 0.6020503370924031 0.021069526884255695 0.08892195165957663
2 0.6790195725830327 0.601745809860694 0.01815749986990581 0.08953100612299844
1 0.746163170819745 0.5772064003542129 0.012427564073721413 0.01931667518441202
1 0.7678265141222795 0.585174528867784 0.02668871536218286 0.03742605816979831
1 0.8084368076433414 0.5845708827682708 0.01690964419740564 0.02535313617954073
1 0.7903228976696164 0.5752689373844949 0.012937891865517201 0.01819458093193795
2 0.8315503590619734 0.5840229338706159 0.006179291637261883 0.032269634105701286
2 0.8469985881551283 0.5840229338706159 0.008496526001235339 0.03432939798478863
2 0.8526951226332292 0.5843662278504638 0.0055999830462684485 0.03364281002509287
2 0.8563640770428534 0.5907171664776497 0.006372394500926503 0.04428492340037742
2 0.8647640516122564 0.5900305785179539 0.010813760365208367 0.04428492340037735
2 0.8908329382069553 0.5948366942358243 0.012744789001852724 0.05664350667490126
2 0.9001018756628483 0.5975830460746074 0.013130994729181823 0.04085198360189843
0 0.8796329655134434 0.6023891617924768 0.01197239074914131 0.04085198360189851
