1 0.0508773516642547 0.6432706222865413 0.09687047756874095 0.175108538350217
1 0.13065303907380607 0.5709117221418235 0.035003617945007226 0.05354558610709113
1 0.6304721418234442 0.5875542691751084 0.04477206946454416 0.04630969609261932
1 0.6691389290882778 0.5788712011577424 0.0309334298118668 0.037626628075253306
1 0.6903039073806078 0.577424023154848 0.004884225759768412 0.034732272069464616
1 0.6988513024602026 0.5694645441389291 0.012210564399421173 0.03617945007235889
1 0.7147250361794499 0.5759768451519537 0.009768451519536966 0.037626628075253306
1 0.7485075976845151 0.573082489146165 0.018722865412445628 0.02604920405209846
1 0.7904305354558611 0.5759768451519537 0.017908827785817608 0.028943560057887084
1 0.8136306078147613 0.5810419681620839 0.020350940665701815 0.03039073806078143
0 0.24095513748191025 0.605643994211288 0.01953690303907379 0.06222865412445735
0 0.25275868306801735 0.6041968162083936 0.017094790159189587 0.044862518089725044
0 0.8864869753979738 0.6078147612156295 0.004884225759768554 0.03473227206946454
2 0.15792329956584658 0.5875542691751086 0.021164978292329942 0.12445730824891463
2 0.22630246020260486 0.5947901591895803 0.014652677279305344 0.10998552821997108
2 0.4151855298597809 0.5904486251808971 0.017856147226892338 0.08972503617945016
2 0.4421363869392888 0.5887228234693398 0.014262464094815783 0.06708640518672596
2 0.565001572422754 0.5823839505383106 0.009211174727901934 0.0470133075718001
2 0.8494806946212812 0.582869431428697 0.005672388497900443 0.03803201430973217
2 0.8552341186256036 0.5824373078805547 0.005834465050840149 0.027371642315486885
2 0.8690099178783381 0.5946824055703562 0.006806866197480446 0.053590565618258805
2 0.8779236663845986 0.5933858596279789 0.010048244903661858 0.05042123109244774
2 0.8955891096970714 0.5948264662306202 0.009075821596640736 0.04926874581033473
2 0.9072580231784667 0.5997245286796009 0.013613732394961033 0.037743892989203755
