1 0.01017547033285094 0.8314037626628076 0.018722865412445732 0.20694645441389298
1 0.04884225759768451 0.638205499276411 0.09768451519536903 0.16787264833574533
1 0.12861795946813767 0.569464544138929 0.02279302462378253 0.04486251808972504
1 0.5918052822541016 0.6143269993366606 0.13675836465622204 0.15484817209368304
1 0.6704647807464349 0.5805073376869151 0.027672485489167963 0.035139715016976714
1 0.6912191553972857 0.5791016951282634 0.010673672974393327 0.026706246533550086
1 0.7009045112731946 0.5755876981746917 0.00948770931057183 0.029517317855112354
1 0.7275886831752032 0.5885893738965866 0.04546198960504087 0.05833184242796025
1 0.7704810602626879 0.5826156309973374 0.022137988391334316 0.02811173129058318
1 0.7924213880433854 0.5762904914569561 0.013045600302036036 0.019678211903408283
1 0.8153500188772672 0.579804457868279 0.012254957859488514 0.02248938503246649
2 0.15051236115797328 0.5866951231306784 0.02241673464054916 0.1024765012139391
2 0.2013503129320759 0.5831369112829722 0.015211355648944078 0.1038997859530216
2 0.8670102624589091 0.5957404766943681 0.014275733105540667 0.06812279657380771
2 0.8795954615703745 0.5890618291970443 0.010894638422649337 0.06545131435522719
0 0.8884238754645903 0.6054246577858511 0.00751354373975829 0.030054174959032808
0 0.80577489432725 0.595072664188851 0.005259480617830974 0.021371857748645695
2 0.8050235399532744 0.5760383533814634 0.006762189365782518 0.028718433849742483
0 0.2361131053482167 0.6000816933486898 0.03118121986736712 0.06077622047271092
0 0.24644423466406956 0.603087110844593 0.029302820585057107 0.04808667993445262
