1 0.18804269175108537 0.7264833574529667 0.37608538350217074 0.4457308248914616
1 0.6308791606367583 0.6085383502170767 0.11233719247467448 0.12301013024602028
1 0.7354829775823388 0.586107091172214 0.039887879857030316 0.05788712011577423
1 0.7741497829232995 0.5803183791606368 0.01953690303907365 0.028943560057887154
1 0.7008864073724491 0.577424023154848 0.01302456587379486 0.034732272069464616
2 0.8711661577688585 0.5966883389056757 0.013308373934751927 0.0652997547731826
2 0.8812805219592699 0.5881709795874345 0.011179034105191618 0.06340700825801783
2 0.804624288095099 0.5730290074661168 0.00904969427563131 0.01987383840922952
0 0.8043581513504156 0.589117352845017 0.011711430530603306 0.01608834537890004
0 0.8863377040544755 0.6042593249663345 0.01277603897736185 0.03312306401538244
