1 0.04843523878437047 0.6454413892908828 0.09687047756874094 0.19102749638205496
1 0.1310600578871201 0.5687409551374819 0.035817655571635305 0.04341534008683062
1 0.6287653330550954 0.5861070911722142 0.04624269855773975 0.04341534008683059
1 0.6690909026650722 0.5834563174233927 0.032575686246584475 0.04341534008683072
1 0.6896091316539982 0.5819486343071715 0.007935663195097788 0.031037260496382474
1 0.6999255010132469 0.5794797613131412 0.012697075523400719 0.031037260496382474
1 0.7141105036369457 0.5810668939521607 0.013689042747710411 0.028568387502352122
1 0.7495233887769865 0.5754237556800911 0.012300277952401472 0.017987503242221693
1 0.7905904458116175 0.578421672887128 0.014284193751176132 0.02045637623625204
1 0.8120167343190812 0.5833594393119872 0.01626809852958786 0.024688658411511445
0 0.8869886811000461 0.6049334246833663 0.010306782520210061 0.03502955243155341
0 0.24205757552822982 0.6060112570658752 0.017279000382102828 0.05874186484675903
0 0.2529706284011369 0.6084363799265212 0.014247596806295313 0.05065812197793896
2 0.15748140086715748 0.5898437713282353 0.022129265533015734 0.10185516014713251
2 0.22462700496733665 0.5852629837025706 0.013944456448714533 0.10239407633838703
2 0.4119677368850845 0.5868797322763344 0.013944474583027434 0.08083742868820028
2 0.44622260635886574 0.5874186484675891 0.014550737163876164 0.05820294865550423
2 0.8490484879999923 0.5799781165367996 0.008788514532183314 0.03600318996759242
2 0.8572638385409465 0.5820160329500595 0.0061137492397797645 0.03328596808324583
2 0.8685360637017905 0.5925452677519025 0.00726007722223855 0.05570304862910518
2 0.8778977422252033 0.590847004074186 0.008406405204697194 0.05774096504236525
2 0.8950926619620843 0.5932245732229893 0.00764218654972467 0.043475550149545586
2 0.9077022803819385 0.6003572806693991 0.012227519705175658 0.03872041185193908
