1 0.05006331403762662 0.64616497829233 0.10012662807525324 0.17221418234442842
2 0.02035094066570188 0.5390738060781476 0.024421128798842257 0.05643994211287989
2 0.16240050651230098 0.5933429811866859 0.017094790159189566 0.10709117221418225
2 0.22467438494934874 0.5882778581765556 0.01139652677279308 0.09696092619392183
2 0.3317203328509406 0.5940665701881331 0.025235166425470332 0.09406657018813305
1 0.13675832127351664 0.5752532561505065 0.039073806078147616 0.04196816208393628
0 0.24136215629522428 0.605643994211288 0.017094790159189587 0.05065123010130243
0 0.2519446454413893 0.609985528219971 0.015466714905933472 0.044862518089724975
1 0.626719417209655 0.5904930837629592 0.04425494539194535 0.05045487609270753
1 0.6688097180866832 0.5827966515687012 0.0331912254874093 0.04190320217868933
1 0.6892535491493635 0.5819414098489387 0.007696506522616459 0.038482532613082016
1 0.6993552139602974 0.5798034913704342 0.010582696468597561 0.03420669565607298
1 0.7125835907123385 0.5793759076747339 0.013949930404830174 0.029930858699063777
1 0.7496230221861359 0.5768104055005279 0.01587404470289627 0.023089519567849093
1 0.7893081339433766 0.5785207402833314 0.01827920299121388 0.019668850002241813
1 0.8123976535112257 0.5823689935446397 0.015393013045232778 0.01881368261084006
2 0.8482345120071583 0.5815138261532379 0.008177538180279952 0.03420669565607284
2 0.8561715343586065 0.5832241609360415 0.005772379891962061 0.03591703043887641
2 0.8681973258001945 0.5934861696328633 0.007696506522616459 0.05131004348410919
2 0.8763748639804743 0.5930585859371625 0.008658569837943305 0.050454876092707435
2 0.8954264636900389 0.5973950885397248 0.007423027332110053 0.05041737082549936
2 0.9058948355686556 0.5990869466211174 0.012371712220183326 0.03552901970924445
0 0.8865759311017538 0.6067003079873841 0.00723269329795329 0.036544134558080046
2 0.9300522225218053 0.615667155818765 0.02264978991588473 0.10184985649983419
2 0.9548908497640382 0.6151597331908957 0.02626613819143988 0.10489549024620848
2 0.527725775756592 0.5842925786031555 0.00611666647316305 0.04825370217717406
