1 0.04924927641099854 0.6432706222865413 0.0952424023154848 0.18668596237337198
1 0.12905415890555552 0.5708494054774313 0.025858212713966423 0.03929713322872078
2 0.1465710144616494 0.5860499025123124 0.015848610499845678 0.10825372047283861
2 0.227065128232545 0.5845663283270044 0.015014446091980566 0.10528648617586335
0 0.24395638008602305 0.604214862718979 0.015431514038979976 0.06302360087991822
0 0.2568854864430063 0.6034734085909799 0.012094970462984307 0.04819451831993753
2 0.4091152870978087 0.5879028719030001 0.012929106356983269 0.07488686692790282
2 0.44811113479590814 0.5879028719030003 0.016682728572677802 0.07933559169589714
1 0.6277875798562799 0.583747876886543 0.047655198970035145 0.05213560229200432
1 0.6699440978049118 0.5797374459410034 0.032710085833887285 0.038099093982618404
1 0.6899649306800856 0.5784841862705227 0.010715381026758966 0.035592574641656605
1 0.7013852540052692 0.5762283188636577 0.011561320460185981 0.03208344756431032
1 0.7129465744654552 0.5817426614137736 0.014945121570484332 0.02305997793684803
1 0.7505913618175244 0.5754763630613692 0.014099171292909886 0.019550850859501666
1 0.7927478839833247 0.5769802746659463 0.01776495582906634 0.01854824312311699
1 0.8143196160614766 0.5812413575455811 0.014099171292909886 0.02205737020046328
2 0.8517309378046818 0.5865255257850484 0.007613552498171288 0.03408866303707967
2 0.8682269682173863 0.5925411722033566 0.00902346962746236 0.0501303868192349
2 0.8789423383999977 0.5925411722033566 0.00902346962746222 0.0501303868192349
0 0.889375725156751 0.6040711611717806 0.0067676022205967 0.03408866303707967
2 0.8967072942290641 0.5963009512147991 0.008459502775745874 0.04962908295104249
2 0.905730753012379 0.5988074560318624 0.010715370182611395 0.03860039785081092
2 0.9662211284367349 0.685298054520983 0.0668400077880631 0.21759721219956385
