2 0.14896888567293776 0.5788712011577424 0.01953690303907379 0.10709117221418225
2 0.22223227206946455 0.5803183791606368 0.021164978292329942 0.10130246020260493
2 0.35899059334298117 0.5904486251808972 0.01465267727930538 0.07814761215629516
2 0.48272431259044857 0.5817655571635311 0.01953690303907379 0.07235890014471778
2 0.8496248837460146 0.5802275991771169 0.006698750788675482 0.03837309093759735
2 0.8656274670009849 0.5941213188927279 0.011164592598773974 0.05425158257329334
2 0.8754895032565372 0.5937904924244173 0.007815215614238119 0.04829716618007926
2 0.895585765163739 0.5947829095327574 0.00930382053982683 0.050281981228575606
2 0.9054478149359556 0.5927980944842609 0.005210139502303122 0.01852494045263306
2 0.9188452751682111 0.6748371164887774 0.05210147771321272 0.1945118747526476
0 0.8570679481288557 0.5891592668953508 0.005954445145489302 0.027125805662784188
0 0.8857237153915224 0.6043761822671566 0.008187362075047843 0.041681116018424474
0 0.24487655660824445 0.6047069847752394 0.0163747241500954 0.06086766148722326
0 0.25436645355886794 0.6037145772509911 0.018235488258060782 0.049620376212410236
1 0.05128437047756874 0.6367583212735166 0.10094066570188133 0.17945007235890004
1 0.12821092619392185 0.5694645441389291 0.020350940665701867 0.05354558610709113
1 0.6190756150506512 0.5824891461649783 0.04477206946454402 0.06222865412445735
1 0.67035998552822 0.5767004341534008 0.031747467438494825 0.033285094066570195
1 0.689694786342269 0.5797528071298634 0.009691261634786058 0.0292891462740198
1 0.7005167013793432 0.5777427676796857 0.012598652548347118 0.028714849288254744
1 0.713599898374741 0.576307025215273 0.009691261634785918 0.03388352216014056
1 0.790806949398536 0.5788913616512159 0.016798186833629245 0.020674691487543556
1 0.8139044562947758 0.5797528071298634 0.013890808343193157 0.022397582444838735
