1 0.043143994211287985 0.6367583212735166 0.08628798842257597 0.18234442836468887
1 0.3882958828275339 0.6403762662807528 0.15141112870093812 0.166425470332851
1 0.1499886905565862 0.5677788525461749 0.01953690303907379 0.04196816208393635
2 0.13186154427808472 0.5797831433454965 0.01189764212022468 0.09608742890197737
2 0.12047383630281677 0.5550059255762528 0.010197958256106077 0.024777261540761444
2 0.11520484440396621 0.5891502181349337 0.018696350402585386 0.03746808905446326
2 0.1940690881306589 0.584315613008617 0.013937236790791825 0.09910904616304592
2 0.48726040158076583 0.5767615698559458 0.010877822139846458 0.0598280217691557
2 0.4976283258078071 0.5779702167603732 0.013257345732938006 0.06345396248243794
2 0.582781277246293 0.574344276047091 0.008158366604884932 0.050158846533736534
2 0.571053625251771 0.5734377908687704 0.010537890197976267 0.053180463794805136
0 0.22568275268589585 0.6033518323934107 0.032293573729166546 0.05499349543157104
0 0.23690052639336134 0.6015388313967073 0.025494895640265226 0.04653290582045443
2 0.6298938943241782 0.5701791333921029 0.009518094372365695 0.040489671298317445
1 0.6604877630538045 0.5780353820423987 0.03535292195450126 0.03807237748946278
1 0.6808836825853628 0.575315926507437 0.008158372643576788 0.03142481951511221
1 0.6921014366670792 0.575315926507437 0.010877840255922387 0.03142481951511221
1 0.7050188474388012 0.5771288968640781 0.012917413791067674 0.032633466419539445
1 0.7383321656646973 0.5704813388897275 0.012237549907327292 0.016921056661983444
1 0.7806537045049214 0.5747116030552233 0.01529693738415915 0.01933835047083832
1 0.8027492731781198 0.5777332203162918 0.014617088597148553 0.0229642911841204
2 0.8498298818496215 0.6136904657230068 0.020395970860438883 0.10092201651968692
2 0.860367734305773 0.5979780559654506 0.010877843275268157 0.07795772533556658
2 0.8734550959517002 0.5949564387043822 0.015976858635472598 0.085209606762131
2 0.8975902925082713 0.5843807782906425 0.016656665151639913 0.06405828593465167
0 0.8879022321649706 0.6127839805446861 0.015636869326029198 0.05197181689037769
