1 0.04054568527918781 0.6304568527918781 0.08109137055837562 0.17055837563451767
1 0.14447969543147207 0.565989847715736 0.02969543147208119 0.04162436548223347
1 0.7361040609137055 0.5736040609137055 0.015989847715736118 0.01827411167512686
1 0.7817893401015228 0.5715736040609137 0.027411167512690328 0.03045685279187815
1 0.8034897945462766 0.5873096446700504 0.015989954054655645 0.04162436548223359
2 0.10884826009433204 0.5726793150113378 0.012537500816360474 0.09320808687718497
2 0.12822444016732293 0.5503904489038576 0.017096592022309735 0.024315153098396037
2 0.12765455376657928 0.5944616638947005 0.018236364823797046 0.045590912059492436
2 0.19461619877934136 0.5772383941009291 0.025644888033464572 0.10435253204728312
2 0.3544693412625549 0.5823040873455025 0.028494320037182917 0.0962474810144844
2 0.37640996769118573 0.5823040873455025 0.018806251224540774 0.08206364170708674
2 0.5696014575432856 0.5747056020022537 0.024505115231977258 0.06281414550418972
2 0.8853185235552717 0.6182702513035465 0.0427414800557743 0.11549697721738106
2 0.946581247963655 0.5975010580320002 0.019376137625284288 0.10030000653088365
2 0.9670972220619865 0.5954747952738003 0.011397728014873251 0.092194955498085
2 0.8231656685634815 0.5835803285334202 0.010023326253436693 0.05345774001832858
2 0.838670501361766 0.5824666256163716 0.012842386762215625 0.06125366043766824
0 0.8478601552929674 0.5957354840861565 0.010249484751694666 0.0435286759825059
0 0.22694235587421233 0.5983628239987572 0.026699100691083756 0.057564018511272866
0 0.24199610413620637 0.6013925091835611 0.023858770830330157 0.057564018511273005
